31
31
31
31
30
31
30
41
31
31
30
31
31
31
31
31
31
31
31
31
31
31
31
31
35
31
31
31
31
31
31
31
31
31
31
31
31
31
31
31
31
30
31
31
30
31
31
31
31
31
31
31
31
31
31
31
31
31
31
31
31
31
31
31
31
31
31
30
31
31
31
30
31
31
30
31
31
31
31
31
31
31
31
31
31
31
31
31
30
31
31
31
31
31
31
31
31
31
31
31

63
63
62
62
62
62
65
63
62
62
62
62
62
62
62
62
63
63
63
62
63
63
62
63
63
62
62
62
62
62
63
62
62
62
63
62
62
62
63
62
63
63
62
63
61
62
63
62
62
63
62
62
63
63
62
63
62
63
64
62
62
62
62
62
62
63
62
63
62
62
62
63
62
63
62
63
62
62
62
62
62
61
63
62
62
62
62
62
62
63
63
63
63
63
62
62
63
62
62
63

93
96
93
94
94
94
94
93
93
93
94
94
95
95
94
93
92
94
94
93
93
93
94
93
94
93
92
95
83
81
83
85
84
99
93
93
95
94
93
94
94
94
93
94
94
93
94
93
94
93
94
93
94
92
94
94
94
92
94
93
94
94
94
93
92
94
93
95
97
93
94
94
93
94
94
93
93
94
94
93
94
92
95
94
93
94
93
93
95
93
93
93
92
93
93
93
93
94
93
93

103
125
125
124
125
125
124
125
125
123
125
124
125
124
125
130
113
109
107
107
106
103
107
108
101
108
106
100
101
108
107
105
103
108
104
105
101
103
108
107
109
108
107
105
105
103
105
112
108
104
103
106
106
103
106
107
109
105
107
104
105
106
108
109
106
105
106
108
111
103
106
118
125
132
132
124
122
122
107
108
107
104
101
100
106
106
106
106
101
105
107
105
102
106
103
108
103
107
108
103

156
154
156
157
179
161
158
168
169
165
157
156
156
168
157
155
157
156
158
169
157
157
156
168
223
237
202
157
154
156
158
156
156
156
156
155
154
157
161
156
155
156
155
157
158
155
156
158
157
157
156
155
155
155
156
156
155
157
156
160
157
156
203
155
156
156
155
157
156
156
156
155
156
156
156
157
156
157
156
158
156
156
156
157
156
155
155
158
157
157
156
156
155
156
156
156
156
155
157
182

187
187
189
188
187
188
188
190
187
188
190
187
186
187
189
189
187
186
186
188
189
187
187
189
189
188
190
185
190
189
185
187
202
188
187
188
190
187
187
193
192
193
190
191
194
191
191
193
192
195
191
195
192
191
195
192
193
193
192
191
192
193
193
190
191
191
192
189
191
192
192
190
190
194
190
193
192
191
191
191
192
193
197
193
193
191
192
189
192
190
191
190
193
195
195
192
194
194
193
195

219
221
220
220
220
220
217
218
220
221
221
220
221
219
220
218
220
217
219
220
216
219
219
219
227
225
219
220
218
218
221
219
218
219
220
222
220
220
220
219
224
225
220
221
219
221
221
218
220
218
221
220
217
220
220
218
217
219
221
220
220
220
218
219
221
220
219
219
223
220
219
219
219
219
220
219
219
218
219
216
217
221
222
222
219
218
219
219
217
217
218
221
219
221
218
216
219
221
222
218

253
253
252
255
251
249
249
253
248
251
254
250
250
251
250
250
251
252
251
252
249
252
251
255
251
250
251
252
249
250
251
251
251
251
250
252
254
249
252
250
252
249
250
251
252
251
252
250
250
254
251
276
205
218
226
227
230
253
252
271
271
237
221
264
258
253
251
249
252
251
252
246
249
251
251
249
255
248
249
251
248
250
250
252
250
253
250
250
251
257
249
253
248
251
249
252
245
257
257
252

281
287
281
280
283
279
281
283
280
283
280
283
285
284
281
283
280
289
285
290
282
282
281
281
284
280
282
280
283
279
283
283
285
278
281
284
284
283
280
282
283
278
284
283
282
281
281
282
287
284
278
284
283
281
280
279
282
280
280
282
283
284
280
281
280
279
280
284
283
281
283
284
283
283
282
279
280
279
280
279
280
281
281
286
284
283
282
278
279
280
284
280
281
280
286
280
282
285
281
280

443
342
317
349
343
315
321
320
323
309
287
316
316
315
316
315
315
314
312
314
311
317
314
314
313
314
317
315
315
315
315
317
314
315
314
312
318
318
318
322
317
308
302
315
313
312
320
318
319
319
324
435
362
332
319
310
322
315
366
309
313
312
326
312
310
313
314
310
313
312
310
315
316
312
313
308
321
315
310
314
315
314
313
318
314
314
315
314
315
316
314
313
313
291
319
309
265
265
254
253

348
339
348
348
349
344
344
344
343
349
345
483
419
292
278
280
273
282
289
318
343
345
344
343
347
346
342
342
347
394
340
346
340
514
394
343
344
348
345
345
345
347
345
342
344
344
350
345
343
343
445
462
344
344
348
343
350
346
346
346
344
344
342
345
340
346
345
344
341
432
465
295
297
273
283
328
352
342
342
341
342
346
342
347
342
358
356
355
351
496
413
347
350
348
349
348
346
348
349
346

403
398
402
398
340
321
382
394
415
406
414
410
392
395
396
372
316
329
331
330
305
307
347
384
386
384
381
377
378
377
378
376
374
398
374
389
376
376
375
382
390
391
407
397
400
399
402
373
380
380
407
406
406
408
412
412
409
411
444
410
414
413
405
409
412
414
423
419
416
419
415
413
417
406
407
404
409
390
395
394
407
406
401
460
403
403
407
412
403
404
414
412
380
401
401
419
410
411
411
416

410
413
410
404
409
416
404
406
370
380
341
375
385
380
386
346
375
370
401
408
406
408
425
354
348
407
404
410
409
405
409
428
408
405
407
407
404
406
404
340
337
387
413
412
410
412
407
413
420
413
418
413
407
412
408
421
417
410
412
415
412
407
407
430
408
410
416
415
412
417
414
410
426
411
408
426
439
417
423
428
423
423
420
421
423
421
424
425
424
416
438
419
460
434
437
420
436
418
419
419

447
443
471
464
517
485
487
479
479
482
480
486
484
495
491
478
479
482
474
479
483
474
477
476
472
470
470
484
433
455
418
422
414
438
429
454
488
493
491
498
491
496
491
492
487
485
492
484
486
479
474
476
479
464
466
473
462
467
463
463
464
461
460
452
459
449
454
454
466
471
467
470
476
481
483
484
484
489
476
474
477
469
472
478
474
470
468
468
466
463
470
460
463
461
458
456
455
458
459
458

476
467
467
469
469
469
468
476
471
473
485
481
470
467
477
471
471
472
468
467
469
478
465
474
468
467
469
469
477
466
471
473
475
479
477
478
477
472
481
476
482
482
481
481
476
479
476
477
475
477
474
474
478
477
474
477
478
474
478
473
484
480
491
491
491
497
496
492
500
514
493
493
490
485
486
489
491
481
484
480
479
481
471
473
477
476
471
474
468
470
481
472
473
480
496
498
499
508
497
504

499
498
502
498
500
510
505
500
495
455
435
449
461
502
500
502
499
503
503
504
499
499
504
512
503
518
499
504
501
504
500
495
498
497
497
507
503
500
510
500
504
499
500
501
509
510
508
503
499
512
4243
4653
4556
2829
2189
1771
1470
1276
1189
1090
997
975
945
867
844
790
779
735
728
684
723
637
949
830
721
562
548
562
554
556
531
525
525
500
499
499
504
504
499
506
502
502
479
435
502
500
502
505
496
498

533
536
537
516
497
524
447
454
488
509
459
483
486
466
463
508
522
534
531
528
534
532
533
532
536
537
531
590
809
702
519
479
495
528
532
529
519
468
534
530
528
534
534
512
537
531
526
529
533
534
531
533
529
533
540
539
541
545
541
547
563
553
532
715
767
554
548
554
560
557
533
460
521
553
545
549
553
555
559
543
565
560
555
559
562
547
536
534
551
558
551
547
547
548
551
544
542
546
541
537

620
715
751
869
800
836
856
505
543
516
540
526
462
525
660
492
493
448
519
616
565
564
568
559
580
513
504
672
568
557
539
560
565
565
567
551
490
554
520
563
566
559
582
550
566
559
612
497
476
566
565
562
658
833
583
774
599
465
453
505
560
564
556
566
558
561
551
668
833
710
451
549
561
566
507
533
496
566
550
563
564
563
562
593
565
565
513
465
461
473
480
454
455
476
534
463
561
564
563
591

649
649
652
747
733
667
683
773
754
980
959
944
880
683
672
666
677
698
679
722
699
709
701
664
710
703
806
695
678
722
594
576
675
674
651
650
652
653
655
663
631
659
698
945
966
879
770
756
676
664
665
652
671
630
545
557
633
628
653
888
868
634
654
643
646
642
667
835
652
553
557
731
679
660
607
595
621
669
658
681
653
679
612
613
622
645
653
626
558
627
753
672
684
673
669
633
605
589
756
685

623
621
623
689
764
789
623
629
633
551
526
698
1048
515
559
515
510
570
508
582
625
627
602
622
621
630
635
614
626
605
680
1029
900
626
624
737
864
662
583
637
624
624
625
732
692
692
612
638
626
626
622
633
693
623
604
618
625
627
628
577
631
595
703
660
622
635
628
685
873
748
780
628
623
626
622
575
685
703
603
627
631
625
632
761
627
626
781
950
921
970
869
624
628
625
854
627
627
629
633
626

634
576
610
700
1018
948
951
650
567
564
580
833
658
653
705
747
854
612
649
771
779
684
873
592
557
677
681
858
666
659
579
624
632
655
667
810
565
590
708
665
667
666
659
598
625
537
818
955
775
659
658
653
1027
775
751
1044
893
583
532
608
653
658
675
684
687
682
653
770
1045
731
647
657
661
583
569
578
547
565
684
969
573
547
613
639
764
561
606
659
670
657
652
631
657
661
731
678
557
599
568
797

699
726
662
728
749
753
752
677
751
674
714
732
655
685
740
734
1010
786
1036
741
722
776
738
941
1102
1012
1120
1217
985
795
851
814
765
691
735
721
730
726
691
742
735
822
711
735
717
722
724
734
709
787
919
851
827
834
864
852
757
856
857
891
892
875
871
824
874
851
744
715
755
860
853
788
707
879
753
930
1222
1185
1376
1022
851
843
861
829
826
832
812
734
741
765
776
766
832
883
914
935
901
902
931
1329

802
758
734
780
781
783
711
651
702
779
806
730
748
871
710
721
710
768
773
763
758
751
744
747
745
746
754
735
752
717
774
753
737
682
913
640
605
667
665
694
733
756
760
687
672
611
615
721
738
737
738
711
648
698
663
629
705
1100
1205
1089
786
1116
1184
1162
731
767
750
657
637
645
709
736
710
730
736
701
712
848
850
871
866
785
734
636
734
764
633
855
1061
738
737
648
703
609
633
639
672
624
653
667

996
779
782
792
793
774
744
751
765
916
752
1140
753
680
742
757
750
1171
862
1166
755
756
633
750
718
923
731
753
741
625
630
637
723
880
752
962
718
749
756
756
750
750
714
974
671
678
781
747
753
708
896
1015
5928
6940
4536
2809
2440
1749
1532
1660
1280
1211
1132
1028
1035
1291
1007
877
796
807
824
879
993
841
799
769
754
750
787
756
759
870
737
743
764
749
755
746
748
750
870
833
750
752
749
753
665
752
798
918

775
773
776
775
666
702
816
783
800
791
780
782
775
760
803
775
789
782
782
779
769
1218
835
761
792
800
785
783
779
788
722
797
785
772
788
789
773
746
814
744
836
836
787
784
759
1087
838
656
765
780
774
782
779
692
762
907
821
804
779
768
783
786
763
741
687
655
773
785
823
1189
1130
781
780
770
795
766
777
649
739
755
782
769
797
780
782
666
779
792
783
783
788
784
751
776
789
776
793
771
779
776

823
1072
837
1117
1245
1049
864
869
840
820
806
1118
1287
774
697
773
712
836
890
1194
822
780
710
685
871
1071
980
815
818
731
818
815
748
818
849
816
817
822
1209
809
807
1222
876
912
904
1133
770
695
863
812
809
1140
819
867
980
686
876
1228
779
817
809
799
855
809
828
809
876
934
1258
1125
876
811
736
849
838
992
815
807
818
808
892
819
824
738
819
828
811
807
802
820
891
917
813
807
847
816
750
817
841
1025

885
882
931
1100
1028
909
1117
889
1370
874
809
792
874
952
1404
1425
921
882
795
860
892
932
1154
1367
1334
837
980
794
918
933
917
917
1024
1344
1534
912
789
721
867
861
978
1381
879
1112
864
990
1236
1183
938
897
901
1296
1386
936
1201
1093
1236
881
972
1298
1382
1234
1345
909
903
908
934
1349
879
880
870
867
796
886
868
767
857
1018
1209
936
967
1566
1101
1229
925
877
890
870
863
865
834
850
859
968
1286
927
968
918
912
902

881
943
1060
1038
1246
1000
1244
1139
1352
938
924
1355
937
769
870
884
881
939
1258
881
937
1070
957
1268
1365
940
1338
828
874
881
1020
1021
877
1015
1158
1303
959
873
870
874
879
883
927
875
940
881
1028
1389
880
941
1263
886
898
879
1017
1162
878
931
1339
872
1027
1135
957
913
1347
932
910
809
870
1316
898
862
860
1026
961
875
936
877
918
879
881
891
739
748
938
873
966
1298
880
1027
992
870
781
877
849
825
877
1026
1153
879

1008
917
983
1254
1019
1121
1312
1207
980
814
925
930
902
980
921
1133
1283
902
1021
1301
1385
895
911
904
969
1219
1521
990
1114
1274
1325
913
1027
912
1103
1312
909
1036
1125
911
978
942
967
920
1384
1285
903
913
898
1199
1275
940
902
838
905
915
1086
925
992
1155
1150
1111
1444
915
873
996
757
775
834
815
850
968
913
901
954
959
971
1072
1314
952
1037
1750
1041
942
990
1156
1072
1068
1172
1145
1129
1641
1340
1605
1422
1009
984
1199
1474
1139

946
948
961
1140
962
1229
1325
1519
1148
817
856
833
952
888
901
1123
1039
809
1076
954
959
994
1745
1338
1141
989
1162
1455
1024
1116
1074
1454
1343
1130
1014
1035
976
1183
1413
1192
1075
982
996
968
966
1291
1504
993
1019
1153
1272
1721
1536
1450
1029
995
1594
970
938
962
960
1009
971
1432
1367
887
1205
1357
1156
1073
1034
985
991
978
969
1188
974
1100
1435
984
948
1164
921
956
979
1051
1180
1336
1392
1019
1347
948
959
940
1186
958
919
967
1196
1667

969
1135
2769
8296
6734
3815
2114
1878
1633
2059
2376
1309
1501
1119
1366
1020
978
1076
1070
1043
973
932
1019
1365
1425
1365
1207
1125
1467
1318
1211
982
1161
1047
1245
801
1160
974
1088
1345
891
895
857
870
849
862
855
940
1009
1026
1375
1353
1540
1047
1172
1281
974
838
928
944
1141
969
946
792
884
802
798
936
1082
981
963
814
889
904
977
964
1172
968
833
817
985
1170
1325
975
1120
970
1145
841
967
915
899
860
1105
930
894
913
979
958
1212
1299

1223
1285
1600
1461
1269
1499
1546
1310
1127
1095
1180
1138
1082
1082
1198
1039
1051
1140
1244
1263
1239
1524
1962
1645
1597
1249
1540
1863
1266
1066
1147
1246
1522
1260
1218
1231
1230
1171
1127
1184
1132
1235
1465
1668
1244
1494
1547
1230
1206
1182
1032
976
1183
1138
1118
1161
1420
981
1418
1721
1251
1170
1211
1223
1046
1243
1125
1136
1116
1229
1210
1248
1253
1511
1791
1550
1026
1404
1666
1101
1148
1215
1160
1018
979
1357
1308
1216
1143
1175
1144
1194
1220
1227
1632
1300
1626
1815
1097
959

1072
1045
1043
1271
1111
1292
1366
1620
1688
1384
1405
1526
1056
1038
910
938
1048
1066
1394
1385
1641
1613
1081
1069
1434
1519
1712
1604
966
932
1049
1058
1399
1071
1408
1252
1102
1193
999
1684
1342
1213
1189
1104
1588
1061
1071
1067
1022
1016
1077
1091
1073
1307
1136
1134
1127
1464
1413
1650
1024
964
1091
1090
998
1077
1443
1506
1074
1337
1173
1078
1045
944
1321
1457
1013
1024
1027
1185
1307
1407
1047
992
876
1338
1121
1079
1019
1053
1425
1094
1097
1340
1573
1079
1021
928
1078
1076

1093
1110
1396
1270
1154
1057
923
948
1034
926
926
936
1161
1155
1003
992
1109
1019
1003
1097
1048
1028
1005
1078
987
1479
1315
1104
1213
1115
1105
1101
1117
1171
1488
1169
1021
1201
1068
1094
1101
1107
1110
1111
1092
1113
1395
1243
1352
1127
1124
1124
1231
1305
1000
1067
1054
984
1096
931
1085
1275
1421
1211
1736
1375
982
1132
1246
1386
1031
953
960
1020
1032
1081
1019
1113
1418
1373
1434
1297
1435
1299
914
1021
1046
1116
1125
1112
1125
1118
1063
1095
1119
1030
1135
1418
1029
1113

967
1089
1039
1062
1100
1092
1110
1100
1295
1357
960
973
980
1465
1385
1020
961
890
922
903
958
1049
1004
1059
1244
1439
1162
1684
1374
978
957
1053
991
1001
945
905
1068
961
965
1189
1087
1100
992
987
1084
1216
1123
1288
888
971
1408
1175
1094
1138
1645
1161
1002
1018
991
1082
1103
1394
1350
1288
1248
1170
1411
1191
1716
1713
1004
1102
1418
1589
1515
1722
1538
1020
1009
1023
1077
1015
1522
1235
1096
1403
982
1101
967
1614
1464
1482
1102
1063
947
954
1039
1066
1017
1080

1128
1199
1124
1128
1148
1121
1130
1135
1129
1129
1101
1041
1093
1128
1131
1136
1140
1190
1134
1129
1134
1136
1130
1130
1129
1122
1132
1140
1133
1120
1140
1125
1201
1127
1134
1125
1135
1123
1124
1141
1129
1134
1139
1136
1122
1136
1210
1135
1128
1133
1129
1135
1130
1103
1023
938
1129
1132
1129
1126
1128
1190
1137
1145
1127
1139
1134
1129
1140
1118
1129
1135
1134
1124
1134
1203
1120
1127
1120
1118
1136
1135
1130
1133
1126
1124
1125
1134
1123
1133
1186
1132
1136
1126
1125
1140
1123
1130
1132
1117

1150
1140
1169
1204
1178
1152
1128
1208
1178
1109
1159
1163
1052
1053
1030
1154
1189
1175
1216
1183
1163
1153
1160
1157
1155
1141
1153
1156
1053
1021
941
980
1114
1046
1206
1167
1121
1146
1024
1155
1171
1116
1159
1201
1156
1163
1166
996
1032
985
1152
1171
1190
1163
1167
1155
1163
1110
1159
1168
1176
1210
1166
1170
1183
1131
1225
1217
1114
1029
1484
1742
1551
1547
1183
1204
1162
1141
1084
1125
1050
1180
1053
1101
1111
1171
1219
1224
1238
1264
1121
1012
1213
1216
1201
1197
1200
1100
1221
1192

1195
1186
1164
1189
1468
1451
1302
1490
1804
1564
1584
1902
1760
1635
1390
1200
1478
1386
1454
1409
1665
1691
1480
1513
1826
1324
1155
985
1133
1165
966
1177
1136
1227
1503
1840
1596
1566
1626
1461
1238
1206
1160
1217
1199
1183
1204
1192
1210
1070
1143
1190
1199
1195
1186
1201
1184
1216
1196
1193
1206
1179
1240
1569
1198
1216
1185
1181
1192
1192
1194
1200
1189
1196
1330
1235
1784
1686
1356
1350
1284
1340
1575
1757
1726
1363
1226
1192
1195
1069
1201
1186
1189
1191
1189
1195
1200
1150
1157
1026

1228
1230
1105
1119
1120
1075
1130
1011
1047
1040
1075
1098
1093
1122
1228
1228
1219
1216
1176
1096
1144
1015
1183
1215
1158
1104
1207
1220
1061
1403
1435
1539
1835
1807
1855
1789
1843
2002
1800
1648
1453
1216
1109
1020
1197
1185
1187
1218
1175
1044
1091
1179
1232
1101
1124
1030
1186
1224
1222
1212
1233
1251
1217
1231
1208
1090
1002
1128
1095
1086
1083
1018
1149
1216
1142
1135
1126
1114
1231
1225
1193
1225
1082
1069
1002
1493
1543
1779
1420
1261
1216
1068
1158
1051
1151
1036
1211
1220
1147
1105

1258
1234
1162
1335
1327
1267
1254
1248
1261
1183
1247
1273
1263
1274
1248
1272
1294
1339
1287
1306
1316
1328
1205
1299
1345
1317
1248
1123
1269
1362
1163
1214
1263
1269
1265
1307
1239
1276
1231
1229
1269
1254
1169
1223
1238
1217
1253
1072
1159
1276
1297
1312
1286
1316
1277
1268
1365
1164
1922
1348
1338
1098
1107
1226
1296
1277
1284
1272
1275
1206
1193
1299
1361
1419
1400
1397
1395
1346
1340
1205
1147
1261
1457
1997
1837
1241
1254
1254
1258
1246
1311
1273
1210
1161
1216
1052
1175
1100
1066
1141

1281
1287
1292
1185
1291
1068
1168
1055
1149
1054
1089
1135
1084
1137
1198
1120
1162
1136
1081
1273
1279
1253
1077
1129
1038
1244
1226
1219
1282
1254
1329
1774
1479
1425
1170
1186
1286
1284
1226
1048
1234
1283
1281
1287
1277
1284
1269
1297
1183
1128
1108
1224
1292
1237
1076
1228
1202
1159
1115
1163
1126
1250
1276
1291
1155
1230
1262
1181
1172
1260
1147
1290
1230
1273
1282
1296
1281
1282
1269
1085
1082
1184
1276
1202
1151
1188
1179
1053
1083
1289
1221
1133
1236
1193
1176
1229
1273
1330
1148
1197

1313
1274
1261
1227
1310
1319
1327
1293
1116
1257
1183
1325
1311
1320
1309
1398
1413
1261
1446
1187
1135
1317
1344
1332
1323
1318
1118
1155
1197
1183
1194
1213
1164
1318
1326
1324
1329
1319
1309
1293
1199
1200
1318
1316
1314
1323
1323
1315
1323
1286
1112
1236
1257
1291
1313
1186
1233
1263
1105
1325
1308
1346
1342
1286
1158
1107
1140
1336
1318
1305
1331
1276
1220
1197
1126
1177
1173
1239
1336
1275
1195
1311
1328
1351
1257
1245
1221
1168
1194
1266
1157
1326
1276
1221
1355
1291
1581
1318
1510
1433

1356
1321
1267
1322
1181
1245
1349
1353
1347
1329
1384
1351
1351
1360
1327
1346
1356
1363
1347
1353
1350
1355
1310
1289
1145
1347
1439
1351
1341
1216
1308
1101
1258
1296
1348
1367
1350
1345
1331
1238
1347
1207
1136
1219
1253
1329
1357
1183
1355
1257
1127
1156
1153
1198
1227
1340
1109
1300
1266
1318
1302
1242
1336
1130
1305
1342
1103
1113
1111
1295
1300
1341
1366
1335
1396
1361
1347
1157
1240
1356
1346
1378
1367
1341
1327
1143
1126
1342
1355
1379
1357
1345
1348
1336
1323
1359
1338
1400
1144
1264

1386
1377
1369
1381
1394
1435
1419
1381
1382
1373
1371
1395
1405
1404
1380
1387
1407
1397
1388
1422
1403
1375
1376
1337
1372
1376
1394
1386
1406
1378
1386
1387
1394
1376
1406
1393
1376
1394
1386
1366
1391
1399
1385
1377
1372
1368
1370
1388
1396
1391
1387
1369
1388
1375
1395
1372
1447
1382
1384
1392
1381
1372
1378
1404
1394
1374
1376
1386
1382
1380
1402
1382
1374
1390
1385
1372
1374
1369
1409
1383
1383
1386
1372
1381
1378
1405
1376
1396
1381
1371
1391
1389
1408
1379
1376
1390
1369
1391
1368
1385

1431
9910
8545
4109
3175
2613
2152
2114
1937
1770
1724
1496
1531
1418
1529
1387
1410
1414
1408
1284
1169
1216
1215
1359
1340
1383
1278
1253
1140
1199
1206
1405
1205
1406
1192
1393
1413
1494
1261
1403
1409
1430
1414
1393
1447
1404
1401
1411
1422
1408
1413
1316
1348
1277
1369
1419
1415
1411
1410
1433
1433
1401
1527
1427
1411
1407
1435
1404
1414
1403
1364
1169
1352
1416
1266
1231
1416
1329
1364
1412
1415
1428
1419
1405
1361
1495
2141
1413
1334
1417
1420
1418
1419
1419
1269
1315
1212
1407
1442
1376

1442
1451
1432
1404
1375
1423
1455
1470
1461
1445
1465
1433
1449
1449
1448
1451
1395
1436
1335
1454
1446
1443
1455
1448
1455
1455
1476
1432
1449
1451
1439
1453
1435
1457
1448
1446
1434
1442
1452
1430
1437
1443
1459
1410
1256
1368
1447
1449
1382
1363
1272
1305
1460
1378
1309
1232
1369
1455
1446
1461
1452
1418
1320
1226
1190
1241
1197
1411
1435
1452
1449
1448
1447
1334
1406
1435
1444
1427
1438
1466
1450
1461
1440
1452
1431
1429
1311
1317
1418
1189
1295
1358
1446
1378
1282
1352
1444
1327
1431
1381

1465
1480
1352
1243
1369
1258
1397
1471
1390
1393
1195
1252
1387
1413
1396
1471
1472
1483
1436
1975
1901
1471
1710
2149
1496
1471
2041
1420
1489
1459
1423
1497
1470
1478
1295
1321
1480
1476
1426
1464
1477
1341
1460
1420
1890
1976
1798
2014
1810
2054
1994
2157
2120
1980
2260
2235
1590
1462
1472
1703
2092
1450
1362
1322
1313
1208
1197
1227
1464
1500
1511
1475
1376
1340
1368
1338
1521
1317
1239
1398
1360
1319
1203
1718
2237
1345
1249
1383
1224
1408
1439
1463
1478
1472
1419
1471
1468
1503
1471
1362

1483
2103
2092
1416
1329
1336
1331
1315
1490
1295
1409
1649
2413
1773
1501
1365
1509
1507
1517
1412
1342
1498
1469
1269
1516
1407
1513
1416
1405
1524
1428
1394
1513
1421
1498
1494
1300
1275
1309
1242
1497
1489
1489
1504
1471
1410
1407
1243
1527
1321
1239
1355
1485
1476
1340
1327
1503
1503
1514
1504
1312
1238
1380
1310
1351
1238
1498
1512
1370
1526
1502
1375
1430
1334
1511
1499
1511
1513
1510
1494
1526
1496
1510
1409
1276
1523
1411
1332
1495
1322
1298
1450
1329
1451
1486
1414
1476
1435
1493
1459

1410
1443
1543
1376
1338
1526
1551
1541
1476
1312
1550
1386
1475
1505
1279
1535
1526
1545
1538
1400
1315
1488
1520
1542
1412
1285
1537
1539
1549
1539
1549
1538
1433
1491
1537
1437
1442
1429
1365
1538
1477
1358
1544
1531
1532
1531
1546
1532
1552
1543
1551
1413
1328
1548
1539
1546
1384
1512
1536
1542
1373
1486
1400
1534
1449
1483
1550
1534
1554
1499
1388
1529
1533
1546
1540
1561
1548
1556
1545
1558
1513
1305
1537
1549
1555
1528
1544
1532
1552
1539
1548
1417
1292
1477
1381
1545
1444
1430
1534
1564

1609
1609
1604
1613
1594
1603
1587
1625
1606
1616
1619
1619
1610
1610
1629
1600
1639
1623
1618
1628
1643
1614
1629
1623
1623
1609
1631
1463
1541
1522
1643
1623
1630
1629
1625
1631
1650
1623
1638
1641
1629
1641
1647
1624
1643
1633
1634
1630
1658
1641
1657
1510
1649
1654
1634
1665
1646
1639
1638
1659
1639
1642
1488
1507
1645
1637
1655
1650
1637
1647
1634
1654
1646
1649
1658
1662
1649
1660
1656
1652
1642
1662
1652
1663
1635
1665
1646
1662
1657
1638
1657
1663
1648
1669
1656
1653
1655
1658
1687
1642

