1805322
8986
6792
4588
4548
4077
4027
4038
4007
3977
3927
3998
3957
4008
4017
4007
3988
3978
4028
3988
3937
3937
3957
3938
4108
3917
3928
3977
3948
3977
3957
3928
3978
3937
3977
3917
3988
3827
3757
3777
4138
3967
3847
3957
3696
3967
3687
3777
3787
3747
3917
3937
3928
3667
3978
3747
3948
3947
3977
3918
3957
3987
3977
3798
3737
3747
3928
3927
3977
3938
3917
3958
3917
3958
3957
3948
3927
3957
3958
3968
3947
3927
3968
3927
3927
3987
3937
4448
4018
3927
3968
4138
3948
3947
3918
3767
3797
3978
4007
3988

10449
4889
4288
4047
4087
4068
4007
3967
3948
3948
4128
3957
3998
3917
3907
3917
3907
3938
3917
3908
3927
3937
3898
3727
3917
3898
3897
3717
3887
3927
3878
3907
3877
3928
3697
3847
3897
3898
3918
3877
3897
3847
3878
3908
3928
4378
3977
3868
3947
3938
3908
4268
3947
4027
4078
4008
3937
3967
3948
3707
3947
4048
3948
4018
3978
3917
3938
3928
3927
3887
3917
3888
3907
3867
3917
3957
3877
3998
3888
3928
3947
3988
3957
3937
3937
3938
3957
3957
3907
3888
3947
3938
3927
3948
3957
3918
3947
3907
3948
3878

10550
4579
4138
4078
3948
3978
3917
3977
3927
3958
3937
3987
3978
3887
4117
4008
3937
3958
4068
3967
4007
3958
4188
3888
3958
3967
3907
3978
3917
3927
3938
3967
4028
3917
3917
3797
3917
3907
3968
3927
3957
3917
3928
3887
4097
3977
3988
3937
3987
3998
3948
3897
3948
3977
3807
3907
3817
3947
4067
3957
3948
3968
3988
4058
4017
3787
4137
3987
4007
4008
3978
3987
3948
3948
3957
3948
3967
3967
3988
3737
3947
3988
3947
3977
3948
3988
3947
4409
4077
3757
3988
3977
3997
3978
3927
3907
3948
3887
3967
3967

11301
4609
4058
3978
4088
5030
3887
3958
3767
3767
3908
3937
3907
3907
3938
3957
3968
3948
3987
3988
4028
4158
4078
3978
3957
3947
3958
3977
3927
3917
3927
3947
3937
3997
3917
3927
3927
3917
3927
3887
3927
3937
3918
3938
3907
4168
3938
3967
3938
4008
3937
3967
3937
3907
3948
5139
3937
3917
3887
3918
3897
3928
3927
3928
3887
3917
3897
3918
3907
3907
3958
3717
3878
3928
3937
3967
3897
3967
3938
3897
3717
3897
3757
3937
3898
4318
4018
4047
3647
3887
3847
3917
3937
3887
3917
3697
3938
3958
3868
3927

11121
4819
4108
3867
3988
4008
4007
3977
3947
3968
3908
3777
3988
3767
3918
3887
3787
3958
3917
4007
3927
3948
3938
3947
3947
3967
3918
3958
4208
4518
3957
3968
3957
4048
3958
3987
3977
3998
3957
4008
3987
3947
3928
3967
3887
3967
3977
4028
4588
3958
3917
3948
3967
3978
3988
3967
3968
3957
3928
3927
3988
3978
3957
3968
3918
3948
3937
4008
3987
3897
3927
3947
3947
3927
3927
3927
3877
3867
3847
4108
3928
3927
3857
3857
3907
3887
3837
3907
3928
3918
3917
3907
4148
3977
4459
3927
3928
3947
3928
3967

11070
4719
4218
4008
4098
4108
4899
4048
3948
3917
3978
3938
3908
3947
3897
3948
3758
3977
3947
3968
3918
3958
3927
3967
3987
4017
3927
3937
3927
3967
3947
3898
4007
3977
3938
4157
3968
3937
3907
3757
3978
3967
3878
3897
3867
3907
3908
3967
3878
3897
3887
3888
3958
3928
3887
3897
3897
3888
3707
3847
3897
3807
3867
3677
3667
3878
3898
3857
3907
3867
3867
3837
3868
3787
3888
3848
3887
3867
3877
3897
3847
3857
3817
3897
3857
3867
4067
3877
3867
3897
3857
3897
3887
3867
3968
3907
3917
3897
3907
3907

11511
4739
4058
3958
3747
4459
3837
3978
3967
3967
3978
3967
4027
4008
4018
4007
3988
3958
3757
3958
3977
3727
3937
3927
3737
3867
3917
4088
3917
3997
3887
3957
3948
4007
3927
3897
3948
3927
3938
3918
3887
3917
3977
3938
3877
3937
3947
3938
3947
3927
3898
3877
3917
3908
3907
3927
3907
3947
3917
3887
3907
3918
3908
3907
3897
3907
3927
3917
3897
3898
3877
3957
3907
3868
3947
3938
3897
3938
4058
4458
3957
3968
3948
3967
4057
4369
3898
3677
3927
3877
3927
3927
3877
3957
3938
3907
3927
3937
3697
3867

11061
4438
4087
4128
3957
4108
4018
3948
3998
3927
3857
3978
3947
3858
3868
3887
3887
3968
3997
3938
3887
3947
3868
3877
3857
4138
4078
4018
3967
3897
3788
3978
4007
3977
3968
3938
3737
3927
3937
3968
4008
3937
3777
3967
3887
3957
3927
3968
3978
3787
3927
3727
3948
3928
4098
3987
3917
3987
3927
3967
3887
3997
4388
4008
3828
4028
3747
3987
3777
3967
3787
3948
4018
3958
3918
3947
3957
3937
3937
3977
3947
3907
3957
3958
3928
3928
3887
4007
3968
3948
3757
3937
3927
3957
3977
3997
3957
3938
3958
3948

11822
5019
4338
4078
4038
3987
4118
5009
3948
3957
3977
3967
3947
3958
4148
3968
4388
4008
3948
3947
4037
3927
3938
3967
3918
3767
3977
3757
3887
3908
3917
3877
3878
3937
3928
3917
3918
3967
3918
3937
3878
3937
3907
3947
3887
3957
3937
3968
3917
3928
3927
3767
3908
3907
3947
3898
3877
3928
3957
3887
3977
3937
3948
3908
3927
4097
3907
3928
3968
4388
4077
3937
3958
3917
3938
3937
3938
3877
3918
3928
3897
3907
3908
3897
3997
3988
3727
3857
3907
3887
3927
3777
3948
3667
3847
3887
3887
3888
3858
3847

10269
4899
4098
4048
3767
4018
3967
4068
4108
4037
3998
4008
4028
4038
4067
4037
3777
4048
3988
3977
3917
4378
4168
4048
3998
4007
3998
3917
3977
3817
3998
3987
4058
3847
3938
3967
3978
4027
3897
3958
3978
3787
3968
3978
3957
3958
3947
3807
3927
3917
3917
3787
3977
3987
3827
4138
4008
3978
3988
4138
3957
3968
3978
3937
3908
3957
3887
3757
3957
3737
3928
3967
3917
3757
3937
3918
3727
3918
3948
3958
3937
3957
3947
3737
3957
3747
3898
3917
3957
3907
3957
3947
3927
3918
3917
3927
3917
3987
4027
3988

11412
4799
4047
3998
3988
3938
4157
4348
4909
3747
3977
3968
3988
3968
3977
3947
3958
3917
3777
4038
3988
4017
3988
3957
3947
3888
3927
3927
3877
3937
3858
3917
3997
3967
3777
3947
3987
3918
4148
3938
3957
3747
3988
4007
3958
3737
3997
3767
3927
3757
3937
3968
3958
3887
3777
3897
3978
3947
3897
3847
3947
3927
3858
3907
3717
3877
3938
3977
3928
3707
3847
3918
3867
3917
3978
3937
3867
3927
3697
3867
3917
3928
3887
3858
3897
3947
3857
3877
3908
7945
4288
3948
3878
3978
3867
3908
3888
3897
3907
3887

11181
4819
4098
3977
4188
3977
3927
4027
3877
3958
3948
3967
3998
4168
4118
3797
3997
3967
3938
3927
3717
3897
3998
3918
3917
3767
3967
3958
3917
3957
3958
3937
3888
3997
3918
3957
3927
3747
3948
3917
3928
3767
3948
3757
3917
4038
3948
3907
3918
3787
3978
4248
3938
3977
3927
3938
3977
3928
4057
3988
3937
3938
4008
3917
3917
3938
3917
3938
3967
3977
3958
3927
3977
3898
3937
3928
3917
3907
3938
3947
3958
3887
3938
3927
3958
3948
4128
3967
3937
3928
3927
3978
3857
3887
3918
3957
3887
4048
4017
3967

10910
4970
4308
4148
4047
4609
3968
3988
3948
4007
3917
3928
3917
3968
3957
3948
3967
3988
4018
3998
3998
3958
3907
3907
3958
3907
3807
3937
3908
3907
3938
3967
3977
3918
3907
3937
3928
3967
3947
3917
3948
3907
3938
3957
3987
3938
3927
3927
4188
3917
3707
3938
3767
3948
3937
3937
3868
3937
3917
3867
3918
3927
3737
3707
3948
3887
3938
3977
3917
3927
3927
3877
3898
3907
3927
3898
3827
3867
3867
3877
3888
3897
3727
3948
3727
3868
3937
3737
3927
3897
3918
3877
3867
3907
4268
3968
3707
3868
3837
4138

10760
5139
4158
4048
3967
3978
3977
3968
3968
4108
4008
3887
3978
3988
3937
3997
3998
3927
4708
3947
3967
3787
3968
3777
3737
3917
3777
3917
3737
4067
3968
4007
3927
3958
3917
3947
4097
4048
4058
3957
3977
3927
3888
3947
3967
3947
3937
3907
3998
3978
3948
3878
3907
3898
3987
3907
3948
3927
3948
3957
3947
3958
4007
3937
3938
3907
3917
3877
3877
3937
3967
3967
3958
3947
3938
3927
3957
3897
3928
3897
4067
4849
3927
3987
3987
3887
3907
3907
3988
3918
3877
3908
3927
3917
3917
4017
3907
3877
3938
3847

11752
4829
4068
4028
4078
3967
3998
3967
3947
3727
4558
3928
3938
3938
3927
3917
3927
3897
3928
3978
3877
3897
3908
3947
3897
3967
3858
3887
3937
3907
3867
3667
3848
3897
3857
3948
3927
3897
3928
3907
3908
3897
3897
3737
3847
3907
4569
3997
3947
3948
3937
3998
3978
3767
3937
3737
3908
3937
3987
3997
3928
3807
3907
3927
3927
3978
3917
3977
3947
3958
3878
3977
3958
3987
3917
4008
3987
3978
3917
3957
3967
3938
3957
3938
3947
3977
3938
8166
4078
3938
4007
3998
3867
3937
3988
3998
3997
4148
3998
3967

11221
5039
4148
4037
4027
3998
4078
3967
4017
3987
4037
3997
4027
4058
4339
3948
3978
4068
3947
3948
3998
3938
3967
3958
3997
3988
3987
3938
3947
3938
3917
3747
3928
3908
4889
3957
3978
3737
3958
3917
3927
3977
3908
3918
3967
3947
4238
3958
3977
3997
3957
3938
3937
3907
3918
3927
3897
3907
3897
3877
3907
3927
3917
3928
3907
3948
3908
3877
3887
3827
3927
3657
3897
3897
3917
3707
3917
3717
3857
3917
3908
3907
3827
3707
3917
3687
3888
3918
3687
3867
3667
3717
3867
3867
3857
3888
3857
4008
3917
3887

11040
4779
4167
4088
4077
4228
3988
3978
3978
4007
3947
3938
3917
3998
3767
3947
3997
3988
3947
3918
3937
3697
3727
3928
3727
3927
3887
3957
3757
3957
3917
3727
4399
3998
3957
3908
3897
3917
3848
4067
3927
3957
4027
3907
3747
4529
4197
4007
3968
3947
3918
3928
3908
3927
3918
3927
3937
3928
3897
3717
3937
3998
3917
3927
4018
3928
3888
3887
3857
3717
3908
3967
3927
3938
3887
3938
3937
4008
3917
3908
3977
3947
3737
3917
3947
3867
3947
3737
3908
3667
3908
3927
3887
3897
3887
3917
4007
3857
3887
3697

11261
4669
4198
3877
4017
3947
5030
3978
3757
4027
3967
3958
3887
3937
3747
3787
3947
4008
3957
3827
4057
4008
3927
4017
3967
3977
3968
3927
3918
3977
3928
4007
3947
4008
3958
3928
4048
3767
3987
3978
3987
3977
3787
3697
3938
3947
3887
3958
3947
3967
3978
3958
4038
3957
3997
3807
3967
3948
3967
3958
3948
3967
3787
3947
3967
3998
3998
3997
3958
3997
3978
3957
4018
3977
3737
3928
3957
3917
3928
3987
3988
3977
3997
3938
3997
3998
3967
3967
3947
4008
3727
4007
3948
4028
3918
3917
3817
4028
4028
3917

10980
4789
4147
4048
3857
3987
4819
3937
3927
3727
3988
3947
3927
3817
3957
3948
4007
3937
3918
3917
3937
3947
3887
3917
3937
4008
3937
3937
3907
4007
3947
3917
3938
3927
3867
3917
3867
3928
3898
3927
3858
3887
3908
3888
3867
3968
3888
3877
3968
3918
3917
3927
3928
3888
3938
3927
3927
3938
3938
3917
3947
3937
3857
3897
3968
3897
3907
3877
3897
3918
3918
3907
3967
3907
3927
3917
3917
3907
3908
3897
3978
3907
3857
3908
3897
3897
3917
3897
3907
3948
3918
3948
3937
3978
3917
3938
3997
3938
3937
3967

11471
4919
4168
3827
4078
3957
3847
4248
3847
3927
3988
3927
4699
3997
3937
3958
3897
3977
3907
3928
3978
3967
3967
3907
3937
3917
3907
3947
4198
4027
3988
4007
3958
4008
3987
3977
4068
3948
3947
3877
3907
3907
3907
3927
3928
3947
3958
3967
3948
3977
3928
3937
3977
3957
4288
3958
3987
3928
3747
3767
3717
3917
3717
3787
3797
3967
3928
3917
4037
3897
3918
3877
3937
3977
9237
4959
3798
3918
3937
3917
3958
3957
3727
3757
4008
3757
3918
3928
3988
3717
3908
3947
3948
3917
3757
3917
3707
3968
3937
4218

11522
4919
4178
4077
4048
4128
4759
3987
4057
3977
3997
4057
4037
4117
4108
4028
4018
3997
4077
4008
4027
4027
4028
3957
4057
3978
3957
4017
4077
4037
4048
4498
4178
4038
4057
4037
4017
4108
4077
3998
4107
4097
4038
4028
4027
4047
3997
4067
4028
4047
4017
4078
3867
4048
4037
3817
4058
3867
4088
4037
4058
4027
4128
4028
4058
4008
4048
4008
4188
4098
4078
3837
4078
4028
4007
4018
4038
4027
4007
3988
3887
4027
3987
3987
4008
4037
3998
4018
4108
4038
4038
4047
4017
4047
4027
4007
4037
4789
3988
4058

11111
4609
4168
4008
3827
3928
4047
4929
3827
4028
3957
4618
4018
4037
3747
3997
3997
3977
3958
3747
3938
3967
3967
3968
3957
4038
3927
3927
3968
3917
3937
3967
4017
3957
3907
3928
4007
3957
3968
3977
4018
4017
3908
3918
3997
4017
3957
3978
3898
3948
4007
3988
3957
3937
3907
3998
3927
4318
4118
4078
3977
4028
3997
3988
3967
3787
3957
3977
3938
3947
3777
3977
3887
3878
3918
3938
3918
3767
3978
3958
3967
3727
3988
3957
3997
3938
3987
3937
3938
3787
3928
3927
4028
3947
3937
3917
3928
3917
3887
3988

13555
4759
4128
3818
3998
4047
4207
5060
3817
3987
3967
3977
4038
4018
4007
4218
4067
4018
4067
3997
4017
4047
3928
4027
3998
4067
4028
3978
3987
3968
4038
4008
4037
4007
3777
3998
3977
3827
3967
3777
3887
3967
4008
3997
4047
3918
3787
3927
3787
4138
4028
4037
4017
3988
4007
3747
3847
3797
3977
3747
3918
3977
3957
3958
3937
3958
3987
3968
3957
4008
3957
3968
4027
3918
3967
3967
4018
3767
3967
3787
3917
3957
3938
3947
3927
3998
3957
3968
4168
3958
3887
3947
3907
4007
3957
3978
3967
3988
4007
4018

11332
5040
4218
4048
4038
3898
4919
3977
3998
4008
3967
4008
3957
4037
3877
3987
3947
3988
3977
3958
4008
4007
3938
4008
3977
4037
4057
3987
4008
4027
3808
3817
4017
3977
3997
4037
3987
4027
3797
3947
4038
3968
3957
3998
3997
3998
3747
3937
3997
3997
3988
3917
3968
3988
3927
3937
3978
3997
4038
3978
7784
4178
3987
4038
3957
3928
3937
3957
3967
3767
4008
3937
3998
3937
3948
3957
3947
3937
3977
3957
4008
3998
3947
3978
4038
3997
3908
3948
3957
4038
4058
3968
3967
3927
3968
4067
3987
3977
3997
3978

11461
4930
4177
4078
3987
4008
3978
3897
3997
4038
3968
3997
4057
3988
3807
4058
3937
3967
3938
3998
3937
3777
3907
3967
3957
3938
4027
3787
4007
3987
3997
3967
3998
3897
3978
3977
3928
3948
3977
4017
4038
3997
3948
3917
3927
3918
4017
3967
4308
4008
3897
3978
3968
3907
3927
3958
3898
3737
3968
3938
3897
3697
3868
3918
3867
3757
4419
3987
3988
5650
6131
4899
4187
4098
4018
4008
3977
4008
4028
4038
3987
3767
3957
3927
3967
3978
4027
3948
3977
3737
3937
3967
3938
3977
3937
3947
3987
3968
4028
3987

10730
4889
4148
4137
4008
4017
4619
4027
3977
4038
3957
3757
4028
4037
4027
3997
4047
3988
4018
4098
4077
3987
3957
3977
4037
4068
3998
4037
3998
4008
4238
6492
4799
4018
3978
3987
4017
3938
3988
3717
3957
3937
3998
3747
3757
3937
4018
4007
3958
4268
3917
3988
4037
3988
3927
3737
3917
4027
3918
3777
3977
3757
3767
4038
3797
3957
3927
3978
3958
3988
3948
3997
3998
3937
3947
3957
4027
3988
4038
3958
3967
3927
3958
3997
4058
3998
4208
4158
4057
4048
3987
3947
3967
3927
3927
3988
3957
3918
3948
3908

11141
4718
4027
3987
3987
3908
4158
5000
3928
3937
8446
4319
4008
4048
3988
3797
3947
3958
3987
3998
3948
3747
3947
3898
3908
3977
3918
3968
3908
3948
3967
3937
3968
4007
3737
3938
4027
3898
3957
3937
3987
3918
3968
3948
3918
3928
3947
3928
4007
3948
3908
3907
3947
3928
3977
3927
3927
3947
3928
3957
3918
3907
3797
3737
3968
3918
3807
3777
4027
3927
3797
3957
3957
3947
3938
3977
3918
3947
3948
3928
3907
3947
3948
3957
3908
3867
3948
4028
3958
3998
3938
3947
3857
3897
3998
3937
3978
4017
3978
3957

11452
4518
4158
4028
3978
4098
4218
4018
3968
3997
3978
3948
3937
3968
3987
3978
3927
4008
4047
3958
4017
3927
3937
4919
3967
3938
3958
3797
3988
3998
3807
3927
3757
3968
3957
3928
3957
3968
3957
3927
4027
3957
3968
3787
3968
3977
4028
3987
4007
3917
4017
3957
3988
3997
3998
4057
4047
3978
3958
3988
3957
3967
4027
3968
3968
3937
3987
3937
3987
3938
3937
3968
3907
3977
4018
3978
3948
3958
3958
3938
3977
3948
4068
3997
3957
3977
3958
4027
3998
3938
3907
3868
3988
3967
3957
3997
3967
3978
3947
3957

11190
4759
4168
4027
3968
3767
4198
4197
3988
4108
4068
3988
3977
4028
4018
3997
3967
3978
3917
3938
4048
3988
3927
3947
3927
3958
3958
3928
3977
3977
4017
3927
4028
3928
3948
4288
4078
3968
3958
3948
3937
3937
3957
3967
3927
3988
3938
3858
3948
3937
3987
3967
4729
3938
3948
3947
3998
3958
3927
3957
3968
4028
3958
3887
4047
3938
3918
3957
3938
3967
3957
3957
3947
3957
3948
3948
3967
3918
3927
3927
3997
3887
3857
3938
3917
3958
3958
3867
3917
3928
3877
3958
3917
3978
3877
3867
3937
3897
3897
3958

11652
4889
4168
4037
4018
3838
4749
4028
4007
3997
3937
4028
3957
3997
3808
3828
4659
3978
3917
3958
3978
4007
3948
3937
3968
3908
3907
3997
3817
3998
3947
3987
3947
3787
3957
3928
3927
3917
3988
3857
3917
3778
3958
3928
3988
3917
3948
3927
3938
3707
3908
3927
3967
3977
4048
3937
3957
3898
3937
3967
3957
3988
3947
3967
3947
4428
4078
3767
3907
3938
3757
3908
3917
3968
3977
3777
3767
3957
3937
3947
3907
3978
3928
3917
3957
3967
3807
3737
3957
3737
3837
3997
4027
3958
3817
3948
3937
3947
3777
3928

11301
4769
4218
3997
3807
3737
4749
3998
3968
4017
3917
3797
3778
3827
3777
4038
3967
3747
3917
3777
3968
4007
3957
3957
3897
4017
3957
3938
3998
3937
3937
3967
3958
3967
3957
3947
3938
3978
3967
3927
3988
4007
4007
3908
3947
3937
3988
3988
3937
3918
3897
3747
3958
3947
3928
3747
3907
3878
3897
3737
3737
3957
3757
3707
3887
3887
3927
3898
3937
3778
3627
3937
3727
3787
3717
3757
3717
3737
3797
3787
3757
3768
3767
3957
3917
3957
3998
3757
3777
3757
3687
3697
3687
3927
3928
3927
3967
3958
3957
3968

10790
4659
4238
4388
4027
3977
5130
4017
4058
4047
4168
3987
3968
3967
3917
3927
3938
3977
3908
3917
3947
3757
3757
3977
3947
3957
3887
3727
3938
3817
3938
3777
3827
3968
3777
4027
3968
3767
3957
3777
3987
3757
4008
3927
3927
3947
3967
3777
3977
3927
4008
3948
3957
3947
3918
3937
3917
3977
4348
4058
4017
4047
3967
3927
3927
3927
3958
3928
3928
3767
3918
3877
3958
3957
3948
3927
3978
3957
3977
3967
3927
4028
3978
3958
3958
3898
3958
3807
3928
3968
4028
3957
3928
3957
3928
3978
4008
3927
3988
4038

11642
4789
4178
3997
4027
4078
4067
4057
4048
4017
4018
3967
4047
3987
3937
4007
4038
4038
4057
4188
3967
3977
3978
3977
3937
3987
3958
3987
3968
4017
3947
3968
4108
4057
4078
4108
4037
4017
3998
4028
3997
4017
3988
3917
4087
3967
3977
3967
3988
3877
4047
4388
4057
3958
4017
3998
3917
3957
4008
4048
4008
3997
3967
3937
4478
4098
3947
3998
3937
3928
3997
3987
4017
3757
4018
3747
4028
3957
3928
3938
3967
3777
3977
4007
3958
3967
3967
3947
3988
3978
3948
3987
3948
3927
4007
4027
4018
3777
3987
4018

11011
4889
4188
4088
4067
3987
4709
3947
4208
4018
4599
3907
4067
3887
4018
3967
3988
3998
4098
4008
3988
3997
3957
4028
4078
3967
3777
3967
3987
3997
4017
3927
8286
4208
4137
4078
4148
4107
3998
4017
4037
3827
3807
3967
3998
4007
4027
4037
3957
3977
4037
4087
4027
4027
3967
4027
4057
3928
3998
3958
3978
4018
3998
3968
3957
3998
3997
3988
3978
4008
3997
3988
4007
4018
3977
3988
3958
4038
3987
3997
4077
4038
3998
3988
3998
4008
4007
4027
4018
4017
3997
3977
3967
3987
4008
3967
3957
3967
3988
3767

11943
4809
4268
4128
3987
4047
4017
3967
3947
3908
4709
3947
3907
3948
3897
3817
4018
3908
3747
3948
3948
3957
3997
3887
3968
3867
3947
3947
3918
3928
3937
3937
3928
3917
3907
3917
3888
3927
3927
3907
3928
3878
3917
3937
3917
4368
3938
3998
4008
3877
3917
3927
3837
3948
4017
3958
3737
3997
3737
3908
3907
3957
3918
3917
3867
4017
3927
3918
3687
3938
3927
3908
3757
3947
3757
3938
3967
3867
3908
3957
3827
3917
3918
3887
3967
3848
3978
3757
3927
3897
6072
3957
3757
3888
3928
3888
3907
3938
3957
3888

11361
4999
4359
4058
4027
4008
4168
5039
4068
3988
3958
3978
3958
4919
3997
3938
3917
3978
3737
3937
3717
3918
3937
3938
3717
3997
4078
3807
3997
3907
3777
3768
3947
4008
4038
3938
4008
4008
3808
3817
3947
3977
3767
3917
3917
3987
3938
3937
3998
4008
3947
3978
3927
3948
3977
3967
3918
3977
3967
3818
4008
3927
3777
3727
3737
3927
4157
3927
3957
3947
4018
4057
3978
3978
3958
3987
3958
3967
3978
3948
3987
3937
4048
3948
3927
3927
3937
3988
3907
3787
3686
3998
3827
3998
3928
3958
3928
3957
5501
5170

12113
5199
4278
4198
4298
4048
3978
4018
3968
3978
3837
3987
3947
3787
3727
3997
4008
3957
3968
3967
4138
4177
4058
3998
3998
3967
3977
3978
3967
3817
3968
3947
3917
3937
3747
3987
4037
3777
3968
4008
3917
3948
3987
3788
3908
3878
3717
4458
3767
4007
4658
4037
3988
4057
4038
3997
3997
4017
3958
4027
4048
4027
3927
4038
3988
4058
3987
4037
4048
4008
4037
3967
3977
3968
4007
3937
3947
3938
3998
3957
3977
3958
3978
3967
3917
3958
3747
3977
3928
3948
3967
3907
3937
4018
3958
3928
3937
3947
3947
4018

11752
4859
4038
4038
3818
4118
4198
3927
3987
3767
3937
3977
3877
3737
3907
4018
3777
3797
3777
3917
3947
3927
3747
3948
3747
3947
3987
3767
3988
3958
3948
3967
3727
3947
3937
3937
3948
3987
3938
3917
3928
3917
3948
3938
3898
3898
3938
3928
3937
3918
3937
3958
3967
3716
3907
3927
3968
3938
3907
3957
3927
3957
3958
3938
3937
3957
3977
3917
3997
4038
3958
3977
3867
3968
4058
3917
3937
3937
3947
3957
3767
3907
3927
7815
4068
3817
3737
3727
3907
3907
3968
3968
3967
3917
3907
4779
3948
3927
3977
4047

11612
4869
4158
4058
4118
3967
4940
3958
3887
3777
4889
3917
3938
3978
3868
3847
3968
4058
3967
3737
4007
3948
3887
3877
3917
3908
3917
3967
3848
3947
3987
3717
3937
4017
3697
3948
4038
3947
3988
3947
3907
3927
3997
3947
4078
4018
3957
3978
3677
4018
3877
3897
3947
3908
3888
3928
3907
3908
3707
3908
3897
3667
3928
3867
3727
3787
3887
3927
3977
3887
4418
4058
4027
3967
3958
3726
3887
3898
3677
3988
3687
3777
3938
3727
3997
3867
3877
3978
3877
3957
3958
3807
3928
3747
3957
3717
3908
3958
3918
3758

10399
4989
4509
4248
4017
3967
4008
4057
4028
3987
3987
3958
3937
3987
4498
3928
3987
3988
4929
3987
3967
3928
4008
3997
4007
3967
3988
4088
4028
4008
3958
3927
3958
3887
3957
3967
3948
3928
3888
4037
3917
3948
3997
3947
3918
4028
3888
3877
3868
3927
3948
3917
3857
3867
3918
3908
3977
3907
3937
3957
3947
3887
3977
3757
3948
3907
3717
3887
3847
3907
3767
3917
3737
3817
3737
3937
3837
3897
3737
3717
3727
3747
3717
3917
4017
3988
3998
3928
3917
3917
3958
3767
3957
3747
3967
3978
4048
3967
3957
3907

11592
5100
4238
4037
3787
3967
3987
3987
3977
3988
3998
4067
3917
3938
4148
3977
3928
3917
3927
3898
3907
4018
3987
3987
3967
3947
3998
3997
3977
3977
4098
4048
3968
4018
3988
3947
3968
3917
3957
3937
3957
3907
4008
4018
3977
3917
4759
3957
3957
3977
3978
3937
3977
3908
4007
3958
3977
3978
3958
4047
4378
3948
3967
3968
3977
4408
3928
3978
3947
4017
3977
3927
3947
3947
3997
3948
3967
3957
3978
3927
4378
4088
3907
3897
3938
3937
3937
3968
3978
3978
3917
4038
3957
3937
5731
4929
4028
3947
3977
3917

11952
5771
4658
4328
4138
4098
4068
4027
4008
3977
4078
4037
4028
3997
3997
3988
4088
4017
3998
3987
3958
3977
3997
3987
4038
3768
4018
3757
3767
4007
3968
3957
3767
3978
4038
4018
3988
3978
3968
3957
3997
4008
3968
3988
3997
3957
3997
4008
3967
3988
4007
3947
3958
3967
3958
3977
3977
3988
4018
4008
3917
4018
3928
3987
3947
3987
3867
4028
3997
3907
3988
3948
3957
3918
3958
4008
3937
3927
3957
3977
3997
3947
4087
3978
4018
3918
3997
3957
3957
3967
3958
3918
3948
3807
3797
3957
3787
3968
4008
4037

12333
5450
4508
4268
4158
4038
4869
4017
3747
4017
3768
4068
3977
3968
3978
3957
3968
3877
3987
3937
3968
3937
4017
3997
3977
3948
3908
3967
4007
3998
3977
3797
3767
3927
3677
3957
3938
4228
3998
3928
3967
3927
3928
4017
3957
3947
3998
3987
4027
3947
3968
3977
3927
3968
3967
3977
3917
3918
3997
3968
3947
3968
3937
3988
3947
3977
3987
3898
3968
5100
3947
3917
3948
3717
3757
4008
3938
3958
3938
3937
3887
3727
3687
3888
3767
3707
3677
3948
3677
3917
3968
3878
3888
3907
3897
3917
3717
3877
3867
3927

11592
5220
4478
4038
4218
4188
4017
3897
3997
4188
4078
4108
4057
3817
3838
4017
3978
3998
4078
3978
3968
4117
3978
4067
4008
3967
3978
3958
3948
3917
3918
3948
3927
3927
4008
3977
3937
4048
3978
3937
3947
4038
4037
4008
3978
4087
4017
3987
3988
4037
4048
3967
3998
3977
3907
4008
4057
4038
3978
3998
3937
5080
4058
3968
3987
3997
3898
3937
3947
3937
3937
3887
3947
3918
3928
3777
3957
3938
3897
3978
3967
3927
4047
3957
3927
3918
3947
4008
3988
3917
3868
3898
3957
3978
3907
3938
3917
3948
3917
3937

11040
5239
4378
4127
3897
3917
4739
4078
4008
4028
4048
3918
3787
3777
3737
3747
3848
3828
4027
3967
3998
3998
3747
3777
3947
3927
3767
4087
3988
3797
3978
4018
3957
3927
3988
3978
4018
4047
3917
3727
3937
3767
4008
3967
3968
3978
4007
3948
3848
3827
3948
3917
3937
3927
3947
3947
3997
3918
3767
3787
3947
3927
3957
3987
3918
3998
3958
4008
3997
4037
4028
3978
3967
3757
4058
3978
3807
3767
4018
3958
4008
3958
3937
3977
3968
3948
3717
3757
3957
3707
3787
3967
3997
3968
3757
4007
3747
3948
3727
3928

11241
5180
4398
4349
4248
4097
4097
4047
4007
4408
3997
4028
3947
4007
3958
4038
3967
3767
3978
3998
3907
4047
4027
4027
4048
4037
3988
4008
3948
4007
3968
3977
3987
3957
3937
3937
4007
3988
4008
3958
4038
3947
3987
3968
3918
3938
3968
3987
3938
3957
3988
3958
3907
4028
3928
3957
4038
3938
4008
3958
3968
3948
3997
4038
3997
4037
3927
3997
4088
4168
4088
4048
4088
4108
3997
3797
3997
3968
3988
3978
3928
3888
3968
3917
4007
3757
3958
3978
3957
6702
5491
3978
4047
4038
3957
3967
3917
3958
4038
3978

12653
5340
4499
5319
6792
4789
4188
4027
4018
4218
4128
4058
4067
4048
4028
4007
4018
3847
4087
3827
4047
4068
4058
4047
4047
4117
4128
4268
4127
3877
4058
4538
4048
4017
3987
3827
4018
3987
4048
3988
3967
4027
3827
3837
4028
3997
3827
4087
4007
4048
4038
3987
3968
4028
4028
3827
4118
4047
3987
3987
3997
3967
3827
3997
3857
3997
4018
4028
3987
4027
4038
3968
3968
4008
3957
3957
3768
4008
4018
4018
3977
3997
3988
3867
3797
3927
3977
3998
3987
4077
4038
4018
3987
3968
4077
4068
4088
4028
4008
3967

12243
5650
4980
5941
6913
4919
4198
4057
3988
3987
3987
4008
4168
4058
3987
4008
3957
3957
4038
4028
4088
4007
4118
4108
3997
3997
3978
3807
3757
4017
3798
3978
4007
3957
3787
3817
3747
3968
4318
3987
3978
3957
3968
3967
3957
3947
4038
4028
3987
4007
3988
4008
3937
4018
4077
4308
3827
3998
3997
4007
3797
3948
3817
4018
3787
3947
4058
3988
4008
4018
3937
4058
4017
3817
3977
4018
4368
4027
4158
3917
4117
4098
4007
3838
3987
4037
3978
4047
4017
4028
4077
4008
4077
4067
4037
3997
4037
3988
4007
3838

11913
5380
4519
5119
6122
5259
4178
4168
4048
4017
4048
3997
4078
4027
3987
4027
4018
4047
3997
3957
3947
3997
3977
3977
3957
3747
4017
3938
4038
3958
4017
3977
4017
3787
4018
3988
3967
3997
4028
4077
3988
3987
4058
4027
3957
3988
4448
3987
4909
4699
3987
3988
4008
3997
4048
3998
4398
3997
4088
3997
3937
4288
4208
4158
4138
3777
4027
3847
4007
4037
3848
4058
3988
3997
3798
4067
3967
4098
4017
4007
3957
4017
3977
4038
3998
4027
4027
4028
3988
4038
4048
3998
4028
3998
3797
3987
4458
4168
4037
4027

10940
5109
4358
4148
5440
5881
5039
4178
4027
4068
4007
4077
3968
4007
4047
4047
4017
3968
4107
4088
4158
4008
4017
3987
3967
4007
3958
4118
4028
4048
3977
3947
3937
3947
3998
3928
4479
4118
4008
3948
3947
3928
3988
3928
3918
3987
4017
3887
3947
3967
3938
3917
3947
3937
3857
3948
3948
3958
3988
3998
3978
3948
3928
3958
3917
3958
3947
3948
3947
3887
3707
3917
3857
3898
3667
3838
3897
3877
4048
3717
3737
3868
3737
3938
3978
4007
4038
3967
3947
3968
3988
4017
3938
3968
3928
3968
3948
3928
3907
3947

