633657
5350
3306
2505
2344
2325
2315
2425
2305
2244
2244
2194
2165
2264
2234
2274
2204
2274
2264
2294
2275
2275
2254
2315
2285
2234
2305
2264
2305
2174
2234
2284
2194
2225
2295
2204
2244
2305
2244
2244
2154
2164
2284
2244
2234
2234
2174
2244
2214
2255
2284
2294
2224
2335
2245
2284
2274
2234
2264
2244
2234
2244
2214
2274
2214
2134
2194
2294
2284
2214
2244
2265
2295
2294
2255
2284
2304
2275
2204
2275
2224
2174
2294
2295
2184
2254
2285
2414
2284
2245
2244
2204
4228
2394
2314
2254
2294
2265
2324
2264

5951
2555
2414
2364
2285
2274
2284
2344
2285
2214
2275
2245
2225
2164
2254
2294
2244
2174
2194
2234
2244
2235
2264
2224
2304
2174
2214
2244
2235
2254
2154
2254
2195
2214
2234
2214
2194
2224
2194
2214
2164
2134
2254
2194
2164
2224
2174
2144
2305
2254
2274
2254
2174
2255
2184
2274
2234
2255
2255
2214
2274
2254
2245
2254
2284
2234
2244
2244
2264
2244
2275
2264
2284
2244
2234
2254
2274
2234
2244
2284
2244
2244
2294
2284
2275
2265
2224
2264
2244
2224
2164
2184
2244
2194
2254
2185
2204
2264
2255
2254

7755
2896
2425
2404
2394
2304
2244
2264
2285
2214
2204
2194
2194
2284
2204
2204
2274
2244
2224
2184
2305
2254
2295
2274
2194
2365
2284
2214
2214
2255
2244
2254
2285
2254
2224
2235
2244
2234
2244
2204
2254
2154
2204
2254
2244
2225
2235
2174
2254
2245
2284
2244
2264
2164
2264
2184
2305
2184
2244
2234
2244
2255
2585
2445
2334
2244
2264
2274
2295
2254
2325
2214
2265
2265
2314
2254
2274
2285
2224
2274
2214
2274
2284
2364
2304
2225
2294
2214
2264
2264
2235
2204
2214
2244
2244
2264
2184
2264
2294
2284

6772
2696
2294
2304
2294
2324
2254
2224
2314
2224
2204
2254
2254
2264
2274
2204
2245
2245
2204
2184
2274
2254
2274
2274
2285
2274
2234
2204
2244
2265
2254
2245
2264
2264
2275
2224
2244
2275
2265
2154
2224
2244
2224
2254
2274
2224
2214
2184
2254
2214
2154
2244
2214
2194
2214
2224
2255
2234
2254
2195
2234
2234
2224
2204
2224
2274
2184
2215
2324
2284
2194
2154
2154
2235
2174
2294
2244
2384
2284
2294
2214
2205
2184
2204
2244
2244
2164
2234
2214
2375
2305
2174
2164
2245
2224
2194
2244
2254
2314
2235

6452
2896
2425
2314
2315
2294
2224
2205
2275
2334
2265
2244
2264
2275
2274
2234
2254
2254
2244
2174
2184
2174
2184
2264
2284
2224
2244
2184
2134
2465
2675
2224
2245
2294
2265
2234
2174
2264
2334
2234
2254
2325
2264
2264
2194
2204
2204
2284
2194
2274
2154
2244
2234
2284
2204
2204
2214
2265
2245
2295
2224
2185
2184
2244
2184
2254
2295
2264
2205
2244
2244
2134
2284
2284
2204
2254
2284
2224
2255
2184
2264
2244
2224
2254
2224
2224
2244
2214
2285
2254
2285
2214
2244
2234
2274
2224
2244
2234
2224
2155

6853
2965
2454
2554
3196
2314
2314
2284
2264
2214
2234
2274
2375
2364
2275
2234
2184
2194
2224
2174
2314
2274
2184
2205
2184
2184
2264
2244
2224
2224
2234
2224
2255
2274
2275
2154
2154
2235
2224
2224
2214
2225
2314
2245
2264
2254
2254
2184
2214
2234
2254
2164
2254
2164
2234
2254
2204
2124
2194
2204
2215
2214
2214
2264
2174
2214
2154
2204
2224
2194
2264
2214
2184
2234
2204
2204
2224
2154
2204
2224
2244
2154
2234
2204
2224
2254
2184
2224
2194
2224
2224
2204
2235
2234
2274
2214
2174
2294
2194
2134

6623
2925
2475
2405
2374
2364
2364
2264
2315
2324
2204
2264
2214
2285
2244
2294
2194
2254
2295
2254
2274
2234
2284
2274
2224
2284
2194
2275
2184
2164
2254
2224
2234
2264
2274
2164
2294
2274
2174
2214
2215
2174
2234
2254
2244
2334
2274
2284
2294
2284
2214
2184
2254
2255
2184
2184
2214
2274
2155
2204
2244
2204
2214
2254
2234
2245
2244
2254
2225
2295
2264
2214
2275
2204
2254
2174
2234
2214
2274
2355
2225
2225
2214
2234
2234
2254
2244
2264
2215
2275
2254
2224
2244
2255
2234
2274
2204
2254
2445
2284

6843
5200
2464
2394
2385
2274
2264
2234
2275
2214
2244
2234
2214
2164
2194
2244
2254
2184
2264
2174
2244
2274
2164
2244
2274
2274
2254
2264
2194
2264
2194
2264
2274
2265
2194
2244
2154
2204
2214
2234
2194
2254
2234
2244
2264
2255
2264
2254
2265
2234
2234
2254
2254
2255
2164
2244
2194
2224
2164
2254
2194
2254
2204
2224
2194
2254
2244
2244
2265
2255
2264
2294
2254
2234
2274
2244
2164
2224
2214
2244
2174
2235
2154
2164
2274
2234
2244
2205
2274
2234
2254
2204
2254
2184
2265
2234
2284
2224
2194
2195

7223
2955
2445
2344
2555
3867
2765
2305
2214
2184
2254
2365
2305
2285
2194
2154
2194
2244
2424
2315
2184
2204
2264
2215
2234
2314
2274
2174
2194
2194
2275
2355
2225
2245
2294
2244
2274
2204
2244
2184
2234
2274
2244
2254
2174
2254
2104
2174
2144
2224
2194
2184
2214
2194
2224
2154
2214
2284
2244
2234
2234
2264
2275
2275
2124
2264
2204
2255
2124
2345
2185
2264
2164
2234
2254
2264
2244
2285
2204
2254
2274
2235
2214
2265
2184
2174
2234
2174
2274
2205
2274
2224
2174
2265
2234
2214
2214
2214
2154
2264

6872
2865
2344
2275
2204
2325
2314
2295
2195
2314
2264
2264
2174
2254
2204
2274
2254
2234
2194
2304
2234
2274
2214
2204
2274
2244
2244
2194
2254
2254
2254
2325
2194
2244
2215
2264
2214
2234
2245
2254
2275
2335
2184
2235
2275
2194
2164
2255
2174
2254
2184
2204
2204
2224
2235
2224
2234
2254
2214
2264
2224
2254
2304
2184
2224
2234
2234
2254
2244
2244
2174
2235
2254
2244
2394
2194
2184
2254
2194
2194
2234
2254
2124
2224
2174
2214
2224
2244
2254
2194
2244
2244
2234
2234
2245
2184
2224
2244
2275
2234

7754
3055
2414
2304
2294
2234
2264
2304
2255
2374
2315
2314
2285
2194
2184
2184
2245
2194
2254
2194
2254
2194
2184
2224
2244
2274
2244
2234
2475
2234
2255
2224
2224
2244
2244
2255
2224
2295
2224
2274
2184
2214
2175
2244
2204
2124
2254
2255
2234
2275
2214
2254
2264
2224
2184
2234
2184
2175
2204
2204
2164
2234
2224
2214
2234
2204
2244
2174
2354
2204
2244
2214
2154
2274
2254
2164
2194
2154
2234
2184
2154
2224
2254
2215
2254
2245
2274
2214
2194
2274
2224
2265
2265
2234
2215
2184
2255
2304
2295
2234

7824
2885
2374
2324
2254
2305
7013
2885
2264
2254
2265
2264
2254
2194
2174
2184
2204
2254
2234
2244
2254
2264
2334
2174
2244
2234
2274
2184
2154
2234
2264
2164
2224
2144
2234
2245
2235
2164
2224
2194
2264
2154
2214
2224
2214
2224
2265
2184
2255
2235
2234
2194
2214
2224
2255
2194
2274
2134
2225
2264
2235
2285
2225
2254
2234
2224
2224
2215
2224
2215
2154
2325
2225
2174
2224
2275
2285
2195
2294
2204
2204
2255
2274
2214
2234
2244
2254
2174
2244
2244
2194
2174
2344
2174
2164
2235
2255
2174
2184
2274

7153
2795
2354
2334
2295
2274
2955
4308
2695
2264
2285
2285
2244
2284
2284
2274
2235
2294
2234
2274
2254
2254
2235
2175
2234
2194
2254
2254
2244
2234
2245
2244
2244
2264
2194
2234
2254
2264
2275
2234
2275
2194
2245
2324
2304
2264
2234
2234
2264
2294
2264
2204
2305
2214
2224
2274
2275
2244
2264
2234
2194
2215
2194
2244
2184
2254
2314
2204
2224
2204
2224
2275
2264
2194
2234
2264
2314
2274
2255
2224
2245
2244
2224
2244
2234
2264
2285
2235
2254
2164
2234
2184
2265
2255
2194
2265
2245
2244
2254
2224

7013
2706
2394
2354
2244
2264
2295
2244
2214
2265
2264
2294
2274
2354
2234
2254
2314
2254
2174
2324
2224
2264
2275
2245
2244
2225
2274
2214
2224
2264
2264
2244
2305
2245
2164
2224
2184
2254
2234
2194
2184
2234
2194
2214
2174
2265
2234
2234
2225
2234
2224
2204
2164
2244
2184
2184
2254
2174
2154
2214
2164
2254
2244
2234
2174
2264
2235
2214
2224
2234
2274
2205
2284
2214
2255
2224
2174
2284
2164
2264
2304
2235
2214
2224
2184
2214
2224
2254
2154
2304
2154
2204
2184
2284
2224
2244
2224
2174
2214
2164

6993
2855
2374
2284
2234
2264
2274
2254
2274
2264
2254
2264
2274
2214
2255
2234
2234
2244
2284
2245
2244
2204
2224
2255
2164
2285
2285
2234
2305
2244
2134
2174
2244
2224
2254
2194
2244
2164
2164
2235
2174
2284
2254
2255
2294
2214
2244
2174
2184
2225
2235
2234
2204
2224
2264
2224
2184
2164
2195
2184
2264
2154
2244
2255
2174
2274
2245
2224
2255
2224
2124
2205
2144
2234
2174
2244
2334
2204
2244
2234
2214
2244
2154
2144
2224
2265
2144
2254
2104
2214
2144
2174
2294
2184
2234
2244
2134
2234
2154
2214

7354
3036
2314
2354
2284
2234
2394
3486
3477
2555
2254
2144
2275
2194
2194
2214
2204
2234
2194
2214
2274
2184
2204
2214
2204
2184
2254
2244
2274
2244
2234
2235
2184
2224
2164
2154
2304
2194
2174
2214
2134
2224
2235
2214
2224
2194
2144
2184
2154
2535
2154
2214
2275
2214
2194
2234
2154
2224
2144
2224
2214
2274
2225
2204
2214
2144
2195
2204
2234
2155
2114
2184
2204
2164
2164
2184
2264
2194
2144
2454
2184
2194
2204
2185
2234
2134
2154
2184
2184
2194
2154
2184
2194
2234
2234
2255
2194
2194
2215
2234

8085
2735
2375
2325
2284
2294
2305
2314
2275
2324
2204
2274
2255
2254
2244
2154
2224
2184
2344
2164
2204
2154
2224
2264
2224
2174
2174
2234
2164
2234
2134
2244
2255
2215
2244
3196
2264
2254
2234
2295
2254
2234
2415
2224
2224
2214
2255
2344
2224
2265
2204
2214
2274
2295
2274
2495
2314
2314
2264
2494
2325
2294
2254
2284
2264
2214
2245
2244
2294
2284
2264
2234
2204
2184
2234
2204
2335
2245
2204
2274
2254
2284
2194
2254
2214
2235
2264
2264
2264
2234
2164
2234
2314
2264
2234
2355
2265
2214
2245
2234

7525
3036
2374
2334
2304
2284
2284
2274
2354
2224
2164
2214
2184
2224
2154
2284
2294
2274
2224
2274
2245
2255
2234
2234
2234
2254
2224
2235
2235
2255
2225
2244
2254
2244
2214
2275
2194
2284
2314
2234
2164
2244
2224
2204
2205
2234
2265
2235
2264
2274
2264
2244
2234
2274
2244
2295
2314
2224
2264
2244
2284
2244
2284
2315
2314
2214
2204
2254
2174
2245
2184
2224
2264
2254
2174
2194
2194
2254
2255
2254
2234
2275
2194
2184
2234
2174
2184
2204
2174
2194
2224
2265
2144
2214
2144
2204
2254
2274
2234
2194

7204
2885
2394
2324
2304
2204
2244
2224
2395
2254
2665
2304
2304
2274
2264
2214
2225
2314
2285
2264
2194
2284
2284
2284
2285
2284
2254
2285
2264
2304
2235
2274
2274
2285
2264
2254
2214
2214
2244
2265
2255
2255
2204
2164
2284
2194
2264
2244
2294
2234
2254
2234
2255
2244
2214
2294
2265
2245
2264
2224
2254
2174
2194
2194
2264
2144
2214
2244
2204
2254
2174
2215
2254
2245
2244
2234
2164
2194
2265
2255
2274
2204
2214
2194
2235
2234
2274
2214
2224
2174
2304
2215
2184
2184
2254
2174
2234
2264
2214
2184

6913
2625
2314
2354
2315
2274
2294
2275
2254
2314
2234
2215
2274
2184
2424
2585
2254
2274
2245
2194
2244
2234
2234
2184
2294
2305
2234
2154
2204
2244
2214
2204
2364
2194
2244
2234
2244
2254
2214
2204
2385
2254
2215
2244
2214
2214
2264
2204
2254
2214
2214
2215
2144
2254
2174
2185
2244
2304
2244
2234
2294
2194
2134
2264
2245
2205
2225
2214
2194
2244
2234
2224
2194
2344
2234
2254
2234
2254
2194
2235
2225
2265
2274
2234
2214
2144
2255
2224
2214
2285
2224
2204
2265
2214
2254
2264
2194
2204
2194
2234

14458
2715
2334
2295
2324
2274
2414
4468
2845
2444
2454
2365
2495
2385
2394
2344
2385
2344
2365
2394
2334
2415
2385
2355
2304
2404
2384
2375
2374
2344
2335
2405
2375
2365
2325
2434
2344
2365
2325
2394
2325
2505
2394
2364
2405
2354
2355
2374
2375
2365
2374
2325
2375
2384
2415
8356
2685
2314
2245
2355
2725
2205
2204
2134
2204
2254
2194
2144
2184
2164
2214
2194
2214
2214
2204
2214
2244
2205
2164
2204
2234
2174
2235
2264
2154
2215
2184
2195
2234
2174
2164
2144
2275
2244
2234
2194
2244
2214
2184
2345

6803
2675
2374
2355
2274
2274
2335
2305
2324
2295
2264
2264
2295
2204
2234
2214
2235
2284
2194
2224
2194
2324
2214
2274
2224
2244
2274
2324
2294
2284
2294
2264
2234
2164
2305
2194
2185
2265
2214
2194
2194
2234
2274
2274
2304
2255
2254
2274
2224
2154
2264
2204
2234
2205
2264
2254
2254
2304
2254
2324
2275
2234
2194
2164
2274
2214
2254
2215
2174
2244
2235
2225
2274
2224
2194
2305
2305
2294
2214
2185
2254
2165
2204
2194
2144
2184
2214
2194
2234
2184
2214
2254
2225
2264
2194
2154
2264
2254
2284
2204

7254
3036
2375
2355
2325
2345
2514
4708
5070
2484
2394
2404
2415
2415
2344
2374
2384
2315
2264
2304
2404
2325
2434
2394
2364
2345
2415
2355
2374
2385
2374
2385
2374
2374
2345
2385
2344
2324
2364
2405
2364
2405
2394
2354
2354
2374
2384
2354
2275
2324
2846
3707
2294
2255
2514
3256
2465
2334
2265
2304
2254
2274
2264
2164
2445
2214
2144
2194
2225
2184
2214
2254
2235
2334
2244
2204
2575
2254
2234
2274
2185
2274
2214
2244
2284
2274
2324
2284
2235
2264
2234
2214
2254
2254
2164
2164
2264
2255
2204
2234

7003
2746
2274
2284
2294
2215
2315
2274
2294
2314
2234
2224
2234
2264
2334
2214
2294
2224
2194
2234
2264
2234
2254
2214
2244
2324
2244
2264
2254
2185
2244
2285
2244
2274
2214
2324
2174
2275
2174
2194
2264
2334
2174
2184
2254
2265
2275
2264
2274
2234
2214
2284
2225
2285
2245
2294
2245
2304
2264
2264
2274
2214
2264
2284
2244
2234
2284
2284
2134
2275
2255
2856
2314
2294
2174
2274
2264
2234
2204
2224
2194
2255
2234
2274
2254
2254
2264
2214
2164
2294
2184
2264
2234
2244
2224
2284
2224
2224
2144
2204

7855
2605
2395
2445
2295
2305
2314
2464
2325
2214
2274
2264
2234
2254
2315
2285
2284
2224
2224
2204
2294
2334
2265
2264
2285
2254
2305
2305
2284
2224
2314
2265
2284
2294
2355
2254
2214
2214
2355
2274
2164
2214
2234
2274
2255
2295
2284
2305
2234
2224
2224
2264
2294
2665
2384
2274
2345
2294
2264
2225
2284
2254
2314
2304
2254
2275
2255
2305
2224
2255
2234
2184
2344
2184
2254
2254
2294
2254
2224
2234
2204
2275
2154
2294
2214
2284
2254
2284
2315
2285
2234
2264
2194
2304
2274
2244
2254
2194
2255
2244

7704
3016
2434
2314
2354
2354
3156
4288
2495
2284
2274
2305
2264
2154
2255
2264
2225
2234
2214
2264
2194
2234
2154
2224
2174
2194
2244
2274
2274
2284
2304
2254
2194
2215
2204
2144
2164
2204
2174
2475
2554
2214
2274
2344
2214
2254
2265
2255
2224
2224
2184
2244
2234
2254
2324
2204
2264
2154
2164
2204
2244
2225
2214
2244
2225
2244
2264
2204
2274
2224
2285
2244
2244
2214
2224
2264
2174
2204
2254
2225
2235
2144
2204
2215
2225
2204
2174
2214
2234
2164
2254
2234
2284
2254
2254
2204
2194
2144
2224
2165

6833
2575
2255
2214
2305
2254
2405
2275
2294
2325
2304
2254
2274
3316
3867
2334
2284
2255
2224
2274
2204
2255
2295
2224
2264
2284
2324
2204
2274
2274
2174
2224
2274
2204
2284
2264
2234
2204
2254
2245
2244
2194
2315
2265
2234
2234
2244
2265
2224
2305
2255
2224
2254
2174
2154
2204
2274
2274
2374
2234
2205
2204
2244
2224
2235
2204
2214
2274
2154
2234
2174
2264
2224
2294
2344
2254
2224
2245
2254
2214
2264
2254
2274
2295
2265
2254
2144
2235
2244
2265
2345
2164
2284
2244
2264
2254
2224
2235
2245
2234

6452
2815
2394
2334
2345
2285
2434
4378
2655
2294
2354
2264
2244
2274
2244
2304
2214
2254
2244
2245
2154
2314
2244
2244
2204
2214
2224
2184
2144
2274
2174
2314
2204
2234
2315
2144
2214
2174
2194
2224
2304
2224
2215
2164
2174
2174
2224
2304
2234
2274
2235
2194
2154
2214
2214
2244
2134
2165
2224
2204
2204
2154
2204
2224
2184
2144
2234
2275
2214
2185
2254
2234
2234
2194
2144
2224
2164
2295
2204
2194
2194
2204
2244
2194
2194
2175
2144
2244
2214
2214
2244
2255
2254
2194
2265
2294
2224
2275
2304
2184

6382
3186
2394
2344
2435
2815
3687
3406
2444
2314
2324
2364
2344
2424
2384
2375
2384
2374
2325
2365
2285
2405
2385
2385
2375
2384
2415
2415
2375
2354
2425
2435
2395
2424
2324
2324
2344
2394
2445
2375
2625
2214
2325
2254
2224
2264
2255
2244
2184
2184
2194
2285
2254
2334
2325
2285
2234
2234
2244
2224
2244
2245
2264
2244
2274
2214
2264
2205
2264
2194
2324
2204
2244
2204
2194
2174
2184
2214
2274
2274
2235
2234
2284
2214
2214
2325
2284
2244
2274
2244
2285
2295
2244
2234
2184
2234
2204
2194
2224
2235

10119
2715
2414
2324
2335
2245
2294
2474
2225
2254
2214
2214
2204
2224
2184
2234
2175
2234
2234
2244
2264
2205
2255
2255
2204
2274
2254
2235
2254
2234
2244
2254
2224
2154
2224
2224
2245
2245
2244
2174
2334
2194
2295
2264
2234
2204
2194
2194
2295
2274
2274
2224
2254
2224
2214
2234
2174
2164
2205
2215
2174
2164
2234
2224
2274
2224
2244
2254
2244
2234
2234
2184
2244
2234
2174
2214
2214
2164
2254
2234
2234
2204
2244
2184
2224
2174
2174
2164
2224
2184
2164
2184
2124
2174
2214
2254
2234
2255
2275
2244

7404
2775
2414
2325
2375
2214
2515
4488
2835
2364
2184
2224
2264
2234
2294
2264
2245
2264
2254
2215
2174
2144
2294
2204
2224
2224
2225
2194
2144
2124
2254
2184
2194
2244
2264
2275
2224
2254
2195
2204
2214
2144
2285
2265
2214
2184
2204
2255
2345
2184
2224
2244
2185
2204
2295
2204
2234
2524
2494
2244
2234
2244
2314
2214
2264
2194
2254
2264
2314
2174
2254
2204
2164
2194
2164
2224
2184
2124
2294
2164
2204
2184
2224
2234
2204
2194
2294
2204
2214
2184
2144
2164
2235
2174
2254
2295
2274
2204
2154
2264

7333
2986
2415
2364
2294
2334
2264
2264
2254
2205
2174
2214
2224
2264
2204
2194
2245
2234
2184
2184
2174
2244
2184
2234
2194
2225
2184
2324
2224
2184
2234
2144
2174
2214
2245
2254
2234
2174
2234
2194
2225
2214
2244
2314
2234
2214
2154
2234
2224
2174
2414
2405
2264
2234
2254
2284
2284
2174
2234
2275
2234
2184
2244
2214
2175
2234
2274
2264
2234
2224
2254
2255
2154
2244
2245
2265
2264
2264
2324
2234
2254
2254
2274
2214
2274
2244
2234
2254
2294
2274
2204
2224
2275
2255
2334
2234
2244
2234
2265
2184

6152
2745
2315
2274
2224
2265
2285
2465
2285
2244
2205
2254
2274
2244
2284
2184
2254
2184
2234
2254
2254
2264
2265
2234
2234
2184
2255
2245
2244
2204
2365
2204
2274
2244
2255
2234
2264
2174
2194
2315
2265
2204
2255
2194
2254
2194
2294
2214
2245
2154
2164
2194
2224
2214
2194
2265
2225
2164
2264
2224
2184
2174
2264
2204
2225
2234
2205
2244
2234
2274
2495
2385
2314
2244
2254
2194
2304
2565
2335
2284
2254
2274
2245
2224
2264
2254
2254
2264
2204
2264
2234
2294
2224
2194
2314
2284
2334
2305
2164
2254

7143
2866
2345
2355
2475
2314
2334
2254
2244
2354
2224
2174
2235
2244
2254
2234
2204
2305
2234
2234
2235
2214
2154
2204
2194
2214
2184
2144
2205
2234
2244
2164
2204
2225
2194
2154
2184
2234
2144
2214
2194
2154
2204
2174
2175
2194
2215
2205
2294
2195
2244
2204
2264
2154
2255
2184
2204
2224
2244
2154
2254
2284
2214
2174
2234
2224
2264
2184
2234
2154
2244
2254
2205
2205
2165
2214
2154
2234
2194
2214
2244
2274
2254
2184
2314
2184
2134
2194
2194
2264
2265
2204
2234
2235
2204
2134
2244
2204
2205
2254

6763
11742
2625
2424
2314
2305
2305
2324
2284
2294
2274
2234
2184
2224
2234
2274
2184
2234
2225
2245
2285
2284
2284
2244
2244
2264
2224
2304
2244
2164
2264
2225
2234
2214
2254
2265
2274
2204
2255
2234
2174
2184
2234
2315
2234
2254
2305
2204
2254
2264
2284
2295
2255
2244
2254
2254
2254
2174
2264
2334
2164
2214
2254
2234
2225
2154
2314
2184
2185
2234
2244
2204
2264
2235
2254
2324
2235
2254
2264
2234
2254
2234
2285
2214
2224
2264
2254
2224
2244
2204
2224
2224
2224
2234
2244
2184
2224
2204
2285
2224

7374
2855
2394
2445
2384
2225
2324
2244
2245
2375
2254
2255
2194
2144
2264
2214
2175
2234
2194
2204
2284
2244
2214
2224
2195
2204
2185
2184
2234
2244
2194
2234
2244
2235
2174
2144
2255
2195
2305
2304
2234
2185
2244
2164
2164
2194
2174
2154
2174
2184
2214
2195
2224
2204
2264
2205
2204
2234
2174
2294
2274
2224
2244
2174
2244
2204
2214
2174
2235
2234
2214
2265
2264
2174
2244
2184
2284
2254
2275
2214
2255
2234
2274
2234
2234
2134
2255
2244
2264
2194
2244
2244
2325
2224
2264
2234
2245
2244
2255
2284

7263
2935
2434
2525
2415
2344
2274
2285
2214
2265
2204
2265
2374
2265
2304
2224
2244
2385
2224
2194
2194
2224
2204
2235
2285
2244
2184
2184
2184
2234
2235
2205
2274
2244
2204
2204
2245
2214
2274
2154
2234
2214
2164
2245
2235
2194
2294
2214
2265
2214
2234
2275
2204
2264
2245
2144
2214
2255
2224
2234
2194
2254
2224
2305
2244
2224
2244
2144
2245
2264
2164
2144
2194
2264
2184
2184
2194
2134
2244
2224
2254
2194
2194
2184
2194
2194
2184
2174
2255
2224
2214
2194
2224
2174
2254
2194
2234
2284
2164
2224

6502
2655
2695
2234
2314
2235
2234
2354
2244
2295
2264
2264
2214
2224
2214
2304
2224
2174
2254
2214
2234
2204
2285
2234
2335
2194
2245
2164
2294
2204
2254
2364
2265
2244
2294
2224
2214
2244
2264
2254
2285
2204
2274
2234
2284
2245
2324
2324
2274
2254
2385
2244
2235
2284
2225
2264
2184
2274
2234
2274
2224
2204
2204
2304
2235
2194
2174
2284
2184
2165
2234
2274
2284
2164
2244
2194
2315
2234
2294
2324
2305
2215
2245
2295
2255
2284
2235
2244
2275
2194
2264
2244
2224
2254
2214
2315
2274
2255
2324
2234

6583
2735
2384
2345
2375
2285
2275
2264
2245
2214
2315
2294
2184
2295
2244
2334
2245
2214
2134
2164
2194
2214
2175
2254
2204
2274
2264
2204
2264
2194
2204
2325
2234
2244
2224
2174
2175
2264
2224
2214
2234
2205
2254
2244
2264
2264
2164
2244
2214
2244
2154
2174
2224
2204
2224
2244
2214
2204
2164
2204
2154
2224
2214
2194
2205
2154
2254
2164
2264
2225
2214
2244
2194
2234
2214
2144
2245
2235
2235
2214
2235
2224
2234
2224
2174
2234
2245
2144
2214
2214
2245
2224
2214
2254
2234
2294
2244
2255
2194
2224

8005
3156
2415
2325
2315
2264
2194
2225
2214
2224
2304
2254
2255
2274
2204
2244
2254
2275
2265
2274
2224
2264
2274
2274
2274
2284
2324
2204
2274
2234
2255
2184
2254
2174
2224
2174
2254
2185
2214
2174
2245
2234
2344
2224
2154
2174
2234
2204
2244
2185
2184
2255
2185
2164
2144
2184
2184
2314
2234
2214
2215
2204
2214
2214
2264
2174
2234
2184
2204
2144
2245
2215
2164
2255
2214
2264
2404
2234
2194
2264
2194
2254
2144
2194
2214
2194
2214
2154
2224
2264
2224
2224
2224
2194
2215
2234
2184
2255
2204
2254

7494
2986
2455
2314
2234
2245
2375
2305
2315
2365
2264
2234
2264
2284
2284
2284
2245
2284
2305
2255
2264
2314
2265
2264
2264
2244
2184
2264
2284
2194
2254
2194
2274
2224
2314
2234
2224
2214
2255
2224
2204
2265
2164
2244
2254
2224
2234
2244
2234
2175
2254
2154
2164
2234
2244
2235
2224
2254
2244
2254
2225
2264
2174
2234
2184
2184
2435
2635
2154
2174
2274
2194
2244
2204
2214
2234
2254
2244
2254
2244
2164
2264
2304
2205
2295
2204
2285
2204
2565
2314
2254
2274
2224
2224
2294
2234
2284
2244
2274
2174

7314
3006
2445
2305
2295
2274
2254
2254
2235
2234
2204
2314
2285
2214
2214
2244
2204
2254
2164
2254
2255
2174
2254
2164
2284
2255
2225
2264
2284
2264
2174
2215
2274
2264
2234
2235
2265
2234
2244
2194
2244
2154
2164
2194
2234
2244
2234
2194
2204
2244
2264
2164
2204
2154
2254
2194
2245
2224
2245
2185
2375
2184
2174
2244
2184
2254
2274
2244
2254
2224
2254
2275
2265
2314
2225
2255
2275
2184
2245
2254
2194
2265
2295
2244
2244
2285
2214
2264
2244
2284
2264
2265
2234
2214
2284
2265
2184
2224
2254
2265

6813
2805
2505
2344
2304
2214
2264
2224
2645
2174
2274
2114
2244
2164
2284
2224
2225
2225
2245
2164
2174
2184
2244
2234
2244
2224
2245
2245
2244
2224
2214
2204
2264
2234
2244
2254
2274
2244
2295
2185
2265
2224
2254
2194
2234
2244
2234
2254
2244
2235
2434
2264
2214
2294
2154
2244
2324
2194
2164
2264
2335
2255
2184
2314
2254
2204
2234
2224
2134
2144
2264
2214
2234
2154
2225
2214
2155
2155
2224
2194
2274
2244
2234
2214
2245
2254
2285
2244
2234
2204
2204
2194
2264
2194
2204
2224
2294
2214
2254
2275

7114
2885
2435
2354
2214
2204
2334
2224
2184
2285
2244
2184
2224
2284
2304
2204
2264
2295
2304
2355
2244
2254
2324
2274
2244
2284
2214
2254
2254
2274
2154
2174
2255
2174
2224
2204
2194
2194
2214
2204
2134
2265
2234
2274
2224
2214
2164
2224
2204
2275
2144
2144
2224
2174
2215
2235
2174
2314
2294
2264
2244
2154
2244
2264
2204
2204
2265
2184
2214
2254
2224
2254
2134
2245
2214
2154
2304
2235
2255
2224
2144
2264
2195
2234
2184
2165
2485
2254
2215
2234
2234
2194
2254
2144
2184
2285
2244
2184
2234
2244

6702
2845
2595
2435
2435
2424
2404
2334
2334
2394
2414
2394
2354
2404
2464
2385
2384
2405
2384
2434
2405
2365
2385
2344
2314
2374
2404
2365
2335
2404
2495
2434
2385
2395
2334
2324
2364
2394
2424
2344
2385
2364
2404
2304
2354
2324
2425
2354
2414
2414
2405
2294
2374
2394
2355
2414
2415
2354
2335
2404
2304
2374
2475
2435
2415
2394
2415
2375
2395
2455
2274
2515
2405
2305
2375
2405
2405
2405
2385
2384
2414
2314
2395
2344
2394
2395
3005
2865
2876
2324
2315
2305
2305
2295
2324
2354
2314
2314
2324
2304

6392
3326
2424
2354
2415
2264
2284
2314
2224
2214
2234
2284
2305
2324
2274
2335
2234
2295
3336
2465
2275
2314
2194
2195
2174
2264
2224
2215
2184
2194
2184
2214
2184
2255
2265
2274
2264
2254
2234
2244
2295
2254
2255
2245
2264
2244
2214
2264
2304
2264
2274
2254
2284
2214
2285
2235
2234
2234
2244
2224
2265
2224
2244
2314
2234
2194
2174
2184
2174
2214
2234
2244
2214
2234
2144
2244
2194
2224
2244
2284
2204
2184
2244
2244
2294
2214
2254
2255
2265
2174
2204
2224
2294
2244
2244
2284
2214
2224
2244
2224

8025
3216
2365
2384
2264
2334
2304
2274
2285
2284
2294
2265
2184
2264
2194
2284
2264
2325
2274
2515
2294
2425
2224
2956
2465
2274
2224
2204
2275
2355
2284
2295
2275
2274
2194
2264
2235
2224
2234
2265
2274
2265
2295
2254
2285
2204
2194
2255
2205
2254
2204
2304
2194
2264
2165
2414
2324
2325
2184
2264
2234
2204
2254
2204
2255
2255
2265
2255
2184
2254
2174
2255
2444
2284
2195
2194
2244
2275
2255
2194
2245
2304
2254
2254
2254
2184
2254
2194
2265
2204
2264
2234
2264
2254
2274
2204
2245
2245
2214
2144

7464
2865
2725
2345
2354
2384
2364
2364
2394
2344
2325
2304
2235
2164
2224
2324
2294
2294
2275
2265
2284
2284
2284
2355
2284
2224
2244
2214
2224
2184
2214
2234
2314
2305
2284
2304
2304
2284
2274
2344
2284
2254
2204
2294
2284
2184
2234
2324
2194
2254
2254
2264
2194
2214
2215
2255
2194
2284
2224
2245
2235
2274
2214
2284
2264
2234
2264
2224
2254
2295
2295
2304
2244
2244
2325
2264
2245
2255
2275
2315
2254
2284
2255
2264
2274
2285
2284
2275
2204
2254
2154
2224
2234
2274
2285
2294
2285
2175
2215
2264

7995
4839
2645
2564
5641
2785
2304
2444
2274
2284
2254
2214
2215
2204
2284
2184
2274
2214
2264
2244
2274
2294
2314
2224
2254
2264
2354
3497
2495
2405
2314
2204
2254
2224
2274
2244
2214
2264
2174
2264
2154
2244
2204
2304
2164
2264
2274
2214
2265
2254
2184
2184
2255
2184
2204
2254
2234
2284
2244
2204
2224
2194
2185
2204
2134
2224
2214
2225
2244
2234
2254
2174
2184
2244
2274
2224
2264
2204
2234
2254
2244
2214
2245
2225
2225
2225
2225
2194
2254
2174
2274
2164
2194
2244
2314
2214
2264
2254
2254
2184

7224
3056
2575
2414
2355
2645
2415
2274
2384
2314
2324
2255
2335
2314
2244
2235
2295
2234
2254
2294
2294
2284
2234
2274
2335
2264
2234
2215
2274
2214
2244
2245
2344
2174
2244
2285
2154
2254
2234
2284
2284
2214
2245
2254
2264
2294
2234
2194
2294
2174
2355
2244
2244
2254
2194
2205
2314
2275
2254
2224
2174
2215
2184
2224
2294
2194
2164
2174
2174
2244
2274
2254
2274
2234
2274
2275
2284
2204
2184
2174
2244
2234
2244
2234
2244
2254
2224
2244
2244
2264
2254
2204
2184
2154
2244
2225
2265
2224
2214
2164

