340748
8055
4898
3256
3056
2995
2855
2755
2745
2805
2795
2915
2805
3146
2885
3006
2744
2775
2755
2735
2825
2835
2755
4258
2895
2985
2906
2725
2765
10159
2745
2765
2765
2825
2895
2875
3025
2856
2765
3046
2755
2815
2685
2744
2976
2785
2885
2785
3066
2715
2775
2755
2845
2786
2725
2836
2815
2775
2665
2714
3226
2705
2755
2825
2916
2715
2745
2745
2886
2795
2735
2695
6202
2835
2775
2765
2755
2755
2735
2776
2805
2765
4218
2925
2966
2815
2705
2725
2725
2665
2745
2906
2695
2805
2674
2865
2905
2735
2886
2825

3777
4027
3016
2815
2725
3196
2985
3005
2785
2885
2675
2775
2845
3025
2725
2785
2645
2866
2695
2955
2835
2705
3055
2725
3156
9297
2875
2966
2715
2946
4318
2955
2785
2745
2725
2725
2755
5079
5159
2835
2975
2785
2885
6702
3105
2795
2916
3457
2795
3196
2735
2955
6833
2715
2795
2875
2755
6261
2825
3246
2885
2815
2816
4919
2745
2765
2725
2765
9417
3156
2795
2775
2875
2805
2735
6702
3086
2775
2795
2765
2715
2855
2785
2846
2795
2775
4638
3206
2875
2826
2705
2745
2765
3236
2715
2915
2675
2806
2765
2936

3507
5821
5771
5761
13264
3947
4839
4028
4728
3717
5029
5521
4468
4868
4688
5610
4328
7163
4568
4317
4267
4398
5360
4007
4238
6021
5079
5310
4698
3907
4848
4348
4679
4418
4929
4307
3857
7062
6732
4648
6662
7063
4197
4568
4038
4478
4188
20858
4238
5430
5240
4578
4348
4428
4949
7343
4308
4358
3616
4999
4168
5140
3977
4598
4318
4007
4067
4668
4438
4188
4008
4899
4098
3957
5641
7313
5079
4969
4338
5099
4779
4869
4097
5179
4479
5230
5009
4519
4257
4489
13254
4828
4168
4438
6742
4739
4769
5440
4468
5350

3997
8075
7503
6923
6883
7263
7634
7864
7674
7694
16720
7935
7023
8015
7183
7464
7383
7413
6993
7533
6963
7574
7133
7995
7604
6442
7464
8065
6792
7283
7524
7003
7334
6872
6963
7815
7574
7714
7403
7033
7303
7634
7273
7083
7263
7283
7113
7884
7143
6983
7083
6743
7324
16229
7504
8376
7654
7323
7844
10589
7012
7494
6863
7053
7143
7594
7353
7323
6723
8245
7052
7414
7383
7173
7113
7183
6502
9588
7344
7894
7463
8535
7102
7383
7304
7604
7213
7454
7564
7013
7313
6541
7284
6973
6812
14827
19345
9517
9056
8635

5179
7483
7032
7584
7574
7714
7073
7473
6882
7544
6562
8165
7423
8375
9768
8145
6862
7033
7634
6943
7493
7523
7914
7714
7423
7303
7243
7704
6992
6913
7553
6652
7934
6892
7183
7143
7524
7404
6962
7053
6953
7594
6963
17071
7413
7143
6893
8024
7343
7103
6922
7533
7964
7483
7323
7894
6802
8115
6792
7264
7333
7213
6782
8476
7604
7564
7303
7905
7443
7394
7724
7423
7774
7053
7083
7724
8205
8445
8275
8486
8155
7494
7193
7994
7493
7443
17131
8575
7614
7734
8115
7363
7594
8315
7884
7364
7193
7474
8846
9457

3928
7754
7323
7173
6992
7704
7544
7664
7304
7553
8015
7173
7554
7714
8034
6892
7714
17391
7133
7554
12282
7704
7683
7394
7904
7604
7223
7453
7794
7533
7142
7684
7254
7824
7684
7173
8325
7384
7744
7344
8295
7974
7644
7483
7774
8505
7424
8185
7664
7844
7413
8215
7915
7964
7734
7644
7754
8465
8065
8285
19616
8105
7073
7764
7394
7824
8806
7063
7894
8005
7594
7694
7664
7474
8335
7554
7714
7383
7343
7353
8485
6642
7574
7483
7935
7413
8385
7394
8325
7413
7433
7023
7834
8625
8115
7754
8175
7875
7774
7814

4228
7955
7513
7383
7965
7855
7493
8104
7454
7343
8195
8075
7694
8425
7223
7904
7694
17642
7994
8075
8175
11271
8826
9757
7624
8044
8525
7934
7303
7965
7384
7994
7233
7955
7674
8094
7984
8796
7153
7013
7623
8265
7544
7523
8316
7544
7775
8014
7273
7433
7283
11651
8225
6932
7133
7825
7895
7413
7574
6732
17411
8556
7954
9136
8105
8185
7343
8215
8224
7654
11130
9237
8315
7704
7424
7463
7364
7433
7664
7203
8505
7905
8054
7734
8635
10980
7463
7574
7814
7774
7554
8356
7494
7804
7493
7974
8575
7955
8326
7964

4027
15458
8786
8074
7944
7012
8335
7524
7534
7644
7414
8095
8025
7884
7403
7814
8215
8706
7764
7564
7995
7284
7734
8015
8295
7494
9437
9157
9166
7784
7624
7775
7714
7673
7143
7814
8075
8165
7794
7524
7574
7744
7403
8105
16340
8465
9467
7554
8174
7533
8356
7424
7303
7824
7534
7474
9858
8936
7804
7393
7714
9027
8686
8195
8906
8556
8715
9037
7524
7945
8586
8235
7474
7253
6842
7633
7113
7424
8245
7935
6972
8005
12924
8736
7915
7434
16820
8245
8285
7223
7573
8325
6662
8044
7674
8616
7414
8125
8215
10239

4057
8385
8275
8275
7503
7133
8375
8405
8024
7975
8235
7002
17993
7854
8205
7593
7273
7454
8165
7955
8566
8986
8074
6822
7123
8095
7473
7844
8064
23462
7874
7103
8235
8095
8104
7394
8605
8525
9327
9297
8605
8465
7563
7323
8786
7563
7934
7844
7283
7323
7143
7313
7654
7584
20187
8185
9287
8215
7704
8847
8295
8456
8325
9958
7253
8195
8416
7604
6883
7143
8526
7073
7003
7413
9017
7724
7453
7243
8907
7774
7053
7854
8225
7363
8726
7414
8626
6813
8195
8345
9107
7604
7824
9236
7994
6883
7474
18333
7544
7424

4097
7123
8135
7473
7975
7884
17271
8265
7213
8155
8566
8004
7524
7764
8805
8405
7934
8245
6932
7774
8004
20758
7994
8285
8445
7634
7995
7354
8816
7804
8165
8806
7664
7303
8916
7684
7604
8155
8114
7915
10820
7944
7714
8025
7824
7633
8125
8906
8405
16139
7423
8044
7484
7724
8977
8255
7654
7924
8535
8054
7664
8656
7804
7794
7795
8745
7574
7985
8706
6962
7824
7243
8085
8175
7955
7754
7944
8134
8174
7845
8175
8005
7704
7494
7543
8616
7934
8145
8776
8064
7273
8195
17361
7814
7083
8555
7854
11350
8976
7624

3958
7163
7905
9086
8526
7735
8004
7383
7473
7423
7734
16260
7814
7714
7975
7944
7854
7784
7214
8485
7563
7383
7634
7784
7994
7534
7794
17983
8255
7644
7834
8055
7643
7764
8655
7384
7514
8265
7724
8214
7604
7874
8686
7954
8095
7123
7874
7243
8015
8666
7714
8094
7243
8286
7564
7994
7604
8315
7514
7413
7734
7654
7464
7453
7764
8185
7593
7563
7744
7834
17492
8465
8024
8846
7844
7864
7884
12162
7694
7463
8456
8175
7403
7774
8315
7614
7664
7824
7834
7794
8705
8065
8636
8526
7604
8776
8225
8205
8035
8205

4017
7543
7834
8205
7103
7964
8125
7704
7464
7573
8515
7173
8024
8184
7594
7654
8125
8615
7984
8135
7684
7273
7634
7703
8315
7533
7634
7714
8385
7284
8165
20197
17442
7814
7944
7804
8235
7654
9678
7674
8355
7384
7855
7614
7845
8416
7944
8305
7754
8215
8114
7533
8195
8034
7854
7824
8165
8084
7563
12302
8345
8295
7775
8986
7995
7644
7955
7413
8826
7273
7663
8005
8014
8566
8415
16299
7254
7804
7564
7423
8986
7835
7544
7914
8465
10680
9287
7534
8165
7925
7995
7684
9387
8956
8356
7904
7804
7814
7935
7794

3687
7955
8435
7864
8716
7614
7964
7744
8275
8606
9457
8375
7784
7023
7624
8145
7614
8496
8726
7684
7613
15989
7554
7864
8165
8857
7714
7775
7744
7714
8085
7884
8205
8486
8165
7814
7754
8466
7193
7063
8736
8265
8055
7934
8836
7143
7233
7945
7714
8134
8676
7323
9878
7423
8145
7333
8756
7644
7633
8124
7844
7614
7313
8565
22641
7133
7774
6993
7554
7804
6853
7794
6932
7454
7694
7233
8796
7654
7453
7814
7584
8135
8205
7794
8335
8064
7223
7633
8426
7333
7644
7574
7764
7383
7123
8786
7593
8466
7784
7814

3847
8305
8465
8015
7223
7213
8565
8756
8676
7944
7774
7714
9367
7764
7985
7874
8155
8025
8645
7704
7924
7463
7674
8545
8676
8926
9066
8275
8395
9257
8516
7854
9317
7904
8145
7654
8505
7674
8255
8495
7573
8555
8686
8044
7784
8145
7704
7413
8626
8035
9277
8806
8946
11060
8225
7974
8195
8655
8385
9076
8635
9087
8626
7804
9087
8205
9277
8385
7834
7804
9087
8565
13134
9407
7965
8546
8024
7944
8936
8746
8495
8075
8606
8645
7955
7704
8686
7844
8455
8315
9107
8465
8054
7623
8506
7824
8625
8175
8275
8055

3987
9166
7784
8946
8555
9457
9026
8946
8796
8104
8435
8115
8546
8155
7935
8375
7925
8676
8526
8495
8085
8396
8035
8826
8695
8095
8285
7755
7894
7954
9247
8736
8215
8335
7874
8366
8135
8886
8706
8335
8355
8165
8705
7975
7954
8996
7704
7624
7774
8134
7925
8966
8295
8626
8455
7985
8034
8356
8896
8325
8235
8065
8726
9197
8876
8716
8315
8215
7905
8385
8125
8365
7995
9217
8155
8315
8375
8145
8415
8405
7604
7704
8115
11251
9297
8806
8706
8666
8045
8445
8856
9306
8415
8275
8305
8605
8295
7864
8215
7825

4508
9006
10649
8535
8155
8666
9397
8245
8285
8495
8385
8356
8806
7854
8485
8064
8876
7955
8555
7765
8345
7884
8836
8155
9207
8065
8165
9096
7804
8576
8786
8044
8385
8375
8045
8415
8696
9597
10479
9026
8204
8445
8605
9166
8345
7774
8595
9137
8946
9618
8505
8395
8746
10138
8636
9207
8706
8625
9006
8726
9026
8456
8485
8765
9146
8545
8425
8365
8255
9687
8275
8706
9027
7995
9227
9136
9377
11100
9206
9597
8986
8455
8125
9738
9006
9978
8736
9177
8405
8064
8746
9106
8445
8956
8295
9176
8445
8836
9036
8355

4639
8816
9778
9167
9096
8976
9617
9217
8906
9257
9106
9287
8396
8515
8285
8937
8987
9016
9077
9287
9056
8947
8736
7974
9437
8395
9257
8756
9287
8696
8896
8987
8946
8947
9077
9548
8916
8726
9787
9197
9427
9077
9126
8936
9287
8886
8877
8846
9567
9027
8696
8926
8916
8726
9237
8525
8446
8646
8235
9076
8446
9687
8536
8335
7824
8706
8605
8736
8645
8736
9027
8816
8786
8696
8605
8846
8666
8526
8446
8776
8355
8115
8705
8906
9237
8656
8646
8405
8756
8415
7624
8375
8666
8645
8926
8666
8716
7764
8516
9046

3977
9617
8005
9527
8525
8946
9337
9307
10048
9678
9939
8465
10128
8366
9317
8495
9908
8325
9106
8355
9408
12523
10239
9327
9848
9097
9377
9026
7915
9717
8285
9868
9207
9227
8044
8746
8545
8856
8275
8856
8406
12082
9287
9998
9096
8204
8756
9377
9628
9627
8736
8816
9437
8686
9497
9046
9387
8415
9277
8145
9447
8696
9017
8275
9127
9027
8515
8636
8806
9848
8886
8706
9137
9237
8826
9597
8716
9577
9157
9577
9417
9337
9056
9617
9116
9597
9768
9086
9157
9266
9587
9637
10019
9607
9577
9458
10279
9567
9397
9117

4498
8896
8605
8816
8565
8525
8295
7975
8335
8174
8455
7344
8085
7634
7353
8245
7934
7133
8224
8155
7865
7674
8746
7684
8615
8345
7854
7644
7644
7483
7905
7463
7344
7163
7334
7684
6912
8034
8165
8275
8285
8626
8325
8285
9107
10760
9267
8596
12032
8435
11561
8325
8546
9077
8465
8215
7334
8546
8024
8065
7884
7834
8615
7884
7924
7453
8636
8125
9136
8816
8074
7744
9167
7644
7754
7233
8255
8245
8045
7885
8406
8485
8105
8235
8105
7634
8265
7594
7934
7954
8004
8295
8044
8145
7924
7634
7623
7895
7874
7424

4729
8936
7213
8395
8225
8235
8705
8566
7564
8145
8736
9497
8075
7994
8515
8065
8856
8205
7925
8235
8385
8115
8195
8866
7894
8215
8115
8215
8866
7734
8435
7835
8225
7854
7954
8275
8165
7905
8325
8566
8205
8656
7814
8055
7995
8195
8335
8535
8736
8335
8085
8004
8055
8084
8175
7814
8205
8366
7935
8625
9297
8546
8425
8475
8856
8055
8035
7534
12242
8896
8886
7673
8385
7744
7895
7925
7844
8746
7995
7814
8786
8706
8074
7985
9487
9857
8566
8575
7905
8506
8455
8506
8135
7634
8415
8044
8776
7834
8716
8295

5210
9346
8967
8465
8084
8566
9568
8385
8345
7664
7694
8736
8385
7524
8265
7673
7955
8035
7684
8947
7534
8976
8776
7925
8215
8375
8255
8345
8265
8055
8145
7524
8134
9688
8295
7724
8084
7984
8706
7944
8345
8466
7844
8054
8386
6963
7654
7494
8706
8576
8876
8926
8265
8936
8185
9026
11500
8916
8386
8365
9287
8335
8596
8485
8435
8395
8656
8585
9186
8766
8405
8456
8977
8746
8566
8756
9447
9767
8705
8666
9167
9096
9096
8846
8285
8665
8806
9557
9086
8465
7965
8796
8606
8446
8625
9607
9206
8816
9237
8776

3717
8946
8686
9167
9327
9027
9597
9307
8957
9147
9077
8906
9147
8756
9287
9067
9447
9667
9217
9046
8866
9227
8876
9076
9988
9196
9036
9277
9047
8796
8916
12072
8826
9206
8926
9718
9177
9206
10108
8917
8966
9057
8225
9597
8786
8826
9387
8946
8946
9137
9578
8315
8696
8806
10018
8055
9868
9086
8666
8586
9286
8696
9016
7885
9157
9638
8686
9156
9186
8716
9076
8425
8315
8375
8816
11361
9898
9908
10348
9317
8215
9357
9327
8936
8505
8816
9087
8094
9417
8175
8706
8645
9096
8796
8496
8505
8686
8135
8054
8015

4578
8796
8285
8565
8966
9076
8485
8876
9027
8114
8987
8806
8055
8736
9047
9086
9647
8806
8786
8576
8716
9066
7924
8656
8906
8365
8916
9046
9488
9157
8766
8405
8616
8516
8215
8455
22601
8646
8966
8616
8325
9016
8836
8886
8245
8876
8756
9116
8405
9146
8986
8656
8636
9127
8766
8866
9357
8466
9307
9027
7894
8556
8505
20767
8475
8716
8195
8666
8576
8466
8796
8625
8405
8816
16710
8696
7965
9497
7854
8225
8125
9778
8486
8706
8626
9227
8626
8746
8636
9096
8766
8646
9267
11260
8866
8796
8435
8706
9647
7363

4599
9708
9257
9657
9868
9537
10038
9378
9127
9117
9247
9518
9057
9618
8475
8536
9237
8806
9508
9397
8155
8806
8225
7974
8766
8646
8365
7794
7954
7604
8235
9076
7825
8155
8285
11250
8496
8365
8986
9287
9076
9447
8846
8966
8656
8686
8405
8335
8455
8706
8966
9728
9156
8456
8606
8686
9147
8556
8847
9227
8285
8446
8655
8155
7574
8476
10098
8726
8004
8525
7884
8155
8546
9046
8395
8195
9016
8686
8446
8886
8856
8135
8486
8235
9177
8486
8856
9037
8075
8455
8255
9156
8566
8345
8285
8957
8365
8055
8585
7855

4308
7894
8125
8145
8966
8275
8977
8235
9177
9057
9057
8025
8075
8786
8326
8796
8415
8426
7975
8956
8105
7694
7935
8596
8345
8946
8165
8376
7974
8255
8485
8575
8536
8526
8415
8596
8446
8365
8776
8265
8395
8475
7835
7734
8997
8074
8175
8715
7604
8195
8335
8195
8104
8406
8676
8425
8245
8796
7624
8295
8576
8867
7805
8766
8305
8215
7844
14536
8245
8766
8215
8025
7785
8355
8456
8615
8465
7704
8806
8195
9137
8566
8065
8857
8866
7724
8495
8565
8786
8426
8525
8666
8095
8455
8355
8765
8735
8285
8605
8024

4398
8976
8426
8976
9006
7875
7905
9116
8676
8425
8505
8516
8636
7964
9137
8425
8325
8034
8276
7854
8716
8285
8075
8947
8946
8986
8936
8425
9166
9337
8636
8686
8655
9156
8745
8645
8646
8866
8175
8475
8826
8535
8816
8325
9077
8205
8506
9177
9087
8115
8616
8857
9958
8405
9277
8716
9577
7493
8927
8897
8766
8385
8706
8425
9136
8887
8555
8676
9116
8746
8154
8766
8736
8456
7965
8605
8896
9737
8014
8575
8636
9217
9377
8325
8596
7574
8766
8566
8776
9247
8535
8786
9037
12323
8716
8706
8666
8465
8796
9126

4518
9698
9347
8546
8295
8626
8475
8847
8997
8856
9457
8645
8515
8756
9578
8886
8886
8195
9016
9658
8966
8656
9316
8596
8766
8635
8605
9096
8385
9317
9037
9097
8655
8305
8897
9698
8977
8065
9718
8706
9377
8245
8866
8245
9527
8315
8085
9027
9798
9407
10258
8626
9798
9367
8765
9056
8656
9177
11201
9517
9146
8235
9227
8605
9668
8565
8466
9427
9467
8456
8846
8416
9477
8957
9127
8395
10179
9537
8575
8946
8635
7844
10610
9057
9176
8946
8575
8846
9657
8556
9087
9447
8786
8375
9157
10088
10189
9898
9297
9066

4448
9618
10239
9607
8495
10119
9507
11030
9868
8456
9617
8315
9146
9097
9007
8626
9347
8576
8946
8465
8535
9017
8876
8826
10359
9618
8575
8966
9477
9487
8686
8626
8786
9597
8946
9317
8556
8044
9257
9367
8866
8876
7885
8655
9387
9146
8515
8726
9117
8235
9216
8695
9186
8766
8576
9076
8836
9187
8566
9647
8766
8476
9126
9367
9537
9928
8605
9127
8385
8675
8455
8956
8225
8886
8346
8967
8856
9468
9998
9247
8506
9607
9517
8556
8104
8996
8856
9548
7794
8957
8395
9297
8776
8666
8917
8886
8526
9207
8876
8635

3867
9297
8866
7954
8625
20688
7684
7774
8495
9116
9047
8706
8055
8987
8856
8065
9176
8435
7914
8516
8285
8726
8315
8806
8456
8906
7714
8205
8495
8245
8185
8696
8195
7594
8224
8525
8365
8625
8295
8165
8505
8505
13895
8937
8285
8426
8455
7804
8265
8445
7985
9448
8285
8185
7844
8255
8555
9137
8516
9006
8586
8405
8385
8736
8004
9017
8656
8726
8265
8576
8666
8195
8064
8545
8325
8405
8556
8726
8435
8405
9187
8606
8575
8636
8555
8826
8396
8204
8435
10709
7764
8686
8475
8465
9377
8505
8856
9568
8686
8506

3947
9347
9567
9518
9648
9457
9357
9257
8686
9738
9367
9357
10198
9247
9487
8756
9688
8907
9076
9026
9327
8996
9968
8346
9046
10209
8705
9177
8966
9448
9747
10129
8456
9777
9447
8926
9608
9507
9788
10098
9467
9077
8836
9307
10530
9568
9397
9136
9447
9337
9878
9367
9778
10209
10980
8976
9708
9848
9988
10309
9477
8556
9256
9137
9908
9447
8916
8786
9658
8736
9417
8746
9407
10188
9457
9588
9407
9488
8736
9918
9237
9227
8816
10950
9097
9237
9147
10659
9838
10389
9848
8726
9748
9407
10008
10138
9106
9468
9598
9377

3937
11711
9457
9647
9067
9457
9036
9597
8996
9086
8395
8976
9497
9747
9767
8996
9297
9387
8816
9638
9648
9507
9738
9847
9517
9838
9347
8506
8225
8546
9557
9738
8686
9007
8745
8786
8996
8516
9187
10068
9067
9127
8786
9467
9046
9106
8947
9618
8946
9236
8706
8315
8375
9127
9677
9137
8956
8877
8696
8255
9477
9948
9106
8906
9427
8896
9267
8325
9277
9598
7834
10018
9407
9388
9547
9427
9016
9377
9407
8585
9037
11240
8876
8636
8906
9096
9127
9287
9397
10018
9217
8726
9036
9167
8265
8235
7955
8826
8335
8655

4157
9728
9928
9337
9287
9367
9437
9848
8315
9477
8566
9277
9257
8736
8636
9287
12082
8145
8786
8826
9297
8705
9096
10338
8876
9397
9247
8997
9027
8866
9497
9407
8185
9197
9176
9056
9016
8976
8886
10088
8987
9588
14175
8836
9297
9608
8846
9377
8806
9598
8455
9437
9017
9367
8836
8195
9046
9327
9147
9327
9427
8786
9077
10248
8906
9948
9407
9868
8846
9617
9257
9417
9096
9367
9427
9858
9848
8735
9227
9187
9437
8766
8926
9728
8345
9257
8686
9217
8635
8987
8997
9246
8887
9127
9187
8395
9156
9297
7694
9216

3466
19105
9107
9186
9036
9147
8756
9136
8696
8455
8766
8746
9127
8475
8515
9297
9357
8505
8856
8535
8856
9187
8756
9537
8716
8426
9447
8596
8736
9858
8646
10630
8876
8876
8395
9607
9387
9127
8816
9066
8606
9668
8946
9167
9066
8656
9007
8666
9707
9958
8816
8896
9197
8456
9738
9067
9166
9197
8896
9447
8365
9087
8726
9067
9337
8706
8555
8555
8525
8546
8335
10088
9077
9077
9428
8876
10118
8956
8736
9037
9808
8635
8916
8606
9598
8595
8876
8606
8606
9837
8816
8505
8756
8926
8856
9036
8896
8816
8585
8626

3877
8696
8766
8996
9848
9026
8595
8465
9457
12563
9427
9437
8486
8776
8536
7994
8675
9026
8406
8696
8655
8766
8125
8606
8125
9077
8756
8365
8576
9217
9077
8716
8927
8806
8906
8535
8486
8545
8335
8806
8295
8105
8595
8665
8606
9007
7885
8545
8766
7884
9066
9117
9277
8686
8015
8415
8866
8636
8265
8826
8927
8165
8786
8345
8415
8816
8485
8165
8656
8155
9507
8505
8746
8726
8365
7584
8616
7934
8295
9187
8405
8356
8706
8015
8115
8375
8876
8755
8425
8665
8144
8926
8886
8445
8375
8586
8355
8165
7764
19486

4027
8635
8576
9227
9267
9407
9006
9257
9176
8736
9478
8155
9046
8636
7985
7964
8516
8476
8255
8305
9397
8185
8115
8516
8015
10079
9377
8155
8135
8726
8355
8135
8425
8716
8235
8215
8575
8055
8305
9307
8666
8926
8386
8786
8826
8074
9187
9127
9217
8907
8596
8495
9787
9447
9157
8545
8766
8405
8957
9296
9237
10108
9047
8214
8585
8426
8485
8907
9206
9167
11090
8816
9116
8476
9277
9126
8555
8486
8897
9487
9678
8084
9918
7574
8405
9998
8546
8165
8485
8756
8606
8305
8415
8726
9347
8105
9337
8776
8907
8275

4638
8175
8225
8085
8886
8826
8546
8495
8716
7854
7884
8426
8134
9417
8325
8746
8055
8966
8796
8465
8796
8125
8315
8375
8485
9598
7684
8917
7584
8376
9106
8776
8516
8726
8165
9026
8616
8736
8445
8605
8265
8074
7624
8896
8686
8846
15097
9347
9096
8736
8535
8675
8576
8926
8455
8716
8185
8376
8415
8465
8946
8646
8155
8596
8095
8806
8946
8295
8235
9637
8766
8916
9607
9187
8435
8906
8846
8465
9017
9117
8415
9327
8836
8776
8575
8726
8626
8375
8005
8526
8736
8685
9217
8705
7914
8806
8916
8716
9627
9036

4118
9908
8606
8816
8415
8536
8505
8425
8265
8836
7944
8365
8195
8536
8996
8486
7604
14096
8115
8365
8144
8986
8856
8846
8596
8947
8766
9948
9878
7955
8556
8986
8224
8876
8646
8406
8606
8886
8355
9057
8285
8766
9037
16220
9006
8124
8436
9106
8376
9377
8305
8426
8616
9618
8857
9557
8566
8635
8546
8786
9457
8105
8094
8776
8876
8886
8365
8926
8536
9187
20227
9087
8946
8175
8075
8996
8836
7754
9036
9848
8485
8535
8255
8386
8495
8887
8525
9066
8846
8105
7744
8315
8095
8966
9508
8556
9037
8806
7785
7864

4618
14546
14797
7634
8886
8476
8655
8315
8615
8315
8746
10559
10519
7814
7994
8085
8255
7533
7984
7844
8666
10499
8956
9227
9207
8706
9007
8976
8816
9397
11210
8636
8575
8896
8636
8926
8746
8806
9277
8525
9787
12303
9478
9207
9627
9838
9708
8856
8987
9026
9477
8275
8917
8997
8937
8866
9147
8475
8906
8385
8776
8375
9197
8796
8636
9057
8956
8596
8786
8595
9066
8956
8656
8756
8776
8997
8756
8846
9136
8996
9036
8826
8866
9377
8565
8796
8385
8545
8726
8455
8786
8696
9307
8445
8796
9117
8285
8225
9126
8556

4378
13805
10128
8525
8475
8596
8826
9117
9297
9176
8886
10058
8605
9157
9407
8485
8546
8936
8465
8255
10049
8646
9227
9677
8266
8846
9608
9126
8476
8004
8626
9277
8546
8525
9166
7975
8626
15979
8385
8656
8916
8365
8776
8626
8035
8335
9266
8566
8666
9327
9598
8966
8736
9808
8956
8816
8495
9297
8806
9507
8556
9688
8225
8696
8024
7313
8896
9016
9157
8806
7944
7663
9347
8475
9167
7834
7834
8255
8745
8786
8847
8696
8346
7834
9498
8706
7914
8976
9708
8355
8235
8034
7674
8576
8966
8335
9017
9106
7734
9086

4368
12593
8526
8215
8355
8415
8716
8315
9748
9447
9036
8846
8566
8776
7794
9237
8435
8646
8606
9127
8706
9107
8426
8435
8235
8996
8265
8696
7765
9337
9157
8806
8586
8095
8475
8184
8265
8255
8816
8765
8685
8515
8796
8566
9257
8045
8776
8766
8656
8506
8616
8766
8907
7944
8575
8495
8396
8896
7964
9477
8535
9718
8476
9848
8826
9638
8435
8105
8806
9888
8215
9257
8065
9006
8336
9157
8425
8365
7834
8255
8555
8716
8736
8485
8515
8426
8345
7935
8426
9106
10029
8435
8435
8225
9597
8396
8976
8796
8436
8445

5470
9477
8776
8956
8946
8736
8475
8455
8435
8425
7945
8947
8365
10119
8145
8706
7964
9368
8025
8275
8185
8986
9096
8306
8786
9528
8756
9437
8725
9126
9006
8526
8295
9347
8426
8626
8866
8356
8946
8996
8746
8735
8415
11501
8816
9037
8556
9257
9497
10930
8556
8706
8485
8175
8535
9027
8155
8776
8786
8756
9347
9016
8445
9166
9207
9066
8696
8606
9437
9457
8365
9206
8746
9697
9076
12272
8886
9287
8516
9067
8996
8345
8656
8235
8365
9267
9677
8675
8796
8225
8386
8125
9708
8275
9658
9427
8516
8405
8936
9126

4348
9377
8796
8516
8916
8616
8826
8816
8495
8876
7914
8876
8986
9888
9147
8986
8595
8225
8516
8165
8425
8947
8546
9177
8114
13885
17742
9327
9057
7905
8786
8636
8245
8666
8826
8806
8165
9186
9247
9598
8436
8636
8645
8475
9127
8956
8556
8736
9207
8746
8565
8896
8625
9327
8836
8335
12032
9087
9818
9056
8516
9317
8976
9357
8075
7223
7874
8696
8245
9036
7834
8315
8786
8616
8776
9327
7944
8636
8516
8726
8886
9156
8516
8706
11191
7524
8796
8756
9056
8656
9677
17201
9046
9568
8716
9107
9197
11211
9287
9006

3927
8776
8315
8756
8766
8054
9156
8786
8676
8846
8586
8446
8796
8696
8917
9257
8705
8185
9327
8345
8786
9006
9197
8545
8195
8646
8436
7423
8235
12482
8676
7954
8025
8345
8736
8395
8686
8886
8386
8135
9337
9066
9487
7744
7774
8896
8476
9056
8635
8415
8255
10990
8556
8375
8095
8255
7874
7684
7964
7985
8486
8095
8566
8396
8225
9167
8235
8315
8535
10549
8636
8726
9136
7634
8256
8545
7594
8174
7574
7754
8636
9277
8365
8255
8195
8856
9177
9608
8716
9027
8556
8275
7594
9117
8305
8165
9177
8525
8215
8325

3957
9397
8836
8886
8155
8796
9398
8535
9528
8416
8857
8816
9176
9087
8556
8626
8936
8616
9457
9257
9186
9538
8786
9196
8977
9297
8806
8205
8005
9287
9547
9206
9077
8656
8786
8806
8867
8235
8997
8826
9928
8636
8686
8425
9437
8715
8496
8926
9457
9637
8726
9377
9237
8896
9918
8766
9527
8225
9156
9467
9638
8946
10018
9738
9077
9076
9407
8896
9888
8786
9498
9107
8926
8806
9177
8375
8365
10008
9067
9477
9136
8315
9367
9156
9307
9667
10259
9267
9818
9918
9938
9477
9347
13615
8836
9327
9357
9267
9818
8876

3907
8536
9317
9477
8435
10179
8846
8756
9788
8586
9498
8455
9347
8916
9437
8826
8685
8616
10108
8505
9146
8706
9126
8515
8566
9477
8094
9287
9296
9307
8916
9367
8926
9337
8706
9857
9738
9007
9177
9217
8525
8916
8826
9297
9567
9126
10008
10039
8646
9016
9076
9447
8576
8495
8926
9057
8896
8566
8987
9127
9538
9387
9648
9026
9357
9577
9998
9727
8956
8675
9707
10920
8736
8876
8445
8055
19525
8947
11641
9046
8405
9247
8356
9057
10078
9127
8967
8856
9077
9097
10238
9057
9377
8666
9628
9427
8105
8996
8575
8826

3787
8796
8595
8545
8666
9207
8446
8435
8646
8575
9387
8896
8465
8585
9096
8275
9127
8896
8756
9016
9988
9457
8766
8526
8145
10028
9237
8786
8675
9076
8596
8335
8325
7464
8816
8345
9337
8235
8786
9237
8365
9137
8285
8315
8375
8144
8275
8074
8526
8115
8345
8084
7985
8325
8215
7994
8395
9327
8405
8555
8355
7955
7534
8495
7875
7725
8345
7955
8235
8295
8856
8165
13174
9126
7915
8606
8044
10299
8535
8786
8576
8275
8605
8646
9247
8205
8776
9427
9066
7834
8395
7735
8907
9076
8635
8155
8876
8375
9227
7784

3777
9678
9397
9417
8886
9057
8916
9166
9026
9087
8986
9648
8946
9207
9106
9537
10580
9157
9016
9007
9367
9468
9066
9177
9627
11110
9286
9106
8726
8806
8746
9297
9107
8977
9427
9327
9157
8927
8776
9397
8936
9157
9557
9988
8315
9367
9077
8976
8977
8876
8545
9036
9036
8997
9427
9678
9468
9698
9247
9126
8836
8986
8966
9458
9557
8826
9037
9006
8655
8736
9347
9057
8986
9247
9027
9027
9077
9036
8626
8626
8545
8666
8495
8586
8455
8705
8786
8535
8526
9347
8996
9117
8605
8175
8745
9267
8475
8566
8124
9176

3747
9427
9347
8996
9076
9107
9557
8966
8766
9527
10019
9588
9507
9236
9487
9618
9317
9106
9447
9136
9447
9428
9508
9688
10058
8726
8967
9317
9147
9237
9256
9578
9247
9337
9477
9608
10369
9337
9277
8826
9207
9307
9427
9317
8655
8515
8846
9458
9047
9347
8896
8976
9207
9006
9076
9187
8255
8896
8786
8576
9096
8806
8906
8966
8766
8596
8696
9197
8506
9006
8746
9537
8616
8726
9688
9056
9427
8967
9538
9177
9347
9297
8786
8715
9357
8896
8877
9096
8585
8705
8896
8756
8405
8616
9448
9868
9087
9528
8986
8786

4168
8816
9377
8786
8806
8816
8605
8887
8615
8055
7884
8656
8566
8405
7904
8325
8696
9096
8876
9187
9377
8626
8886
7483
8636
9407
8696
8466
8245
8485
8435
7664
8476
8987
8545
8125
7944
8686
7784
8886
8125
8295
8085
8375
9357
8475
8936
8095
9257
8506
12192
8275
8396
8946
8015
8115
8435
8195
8906
7915
8195
8144
7764
9107
8826
8405
8396
8716
8536
8285
8876
8345
18795
8055
8326
8205
8736
8616
9287
9167
9267
8646
11070
7744
8986
8576
8796
10199
8706
7594
7925
8085
8125
8776
8175
8575
8024
9547
8446
8125

4007
9408
8846
8967
8645
9948
8907
8987
9187
8886
8315
9498
8596
9287
8426
9117
8496
8275
8846
8395
9377
8866
9066
8405
8996
8746
8676
9196
9137
8535
8546
8746
9628
9287
9126
8725
9277
8746
9257
8816
8876
9066
8496
9888
8846
8646
8866
8505
8676
9708
8566
9377
8345
8646
9096
8886
8896
8716
8535
8956
8966
9697
8966
9177
9387
9066
8826
8736
8776
9587
9458
8335
8966
9287
9187
8766
8655
9037
9127
8936
9136
9117
8626
8526
8746
8886
9287
8906
8866
9478
9788
9287
9097
8676
9618
9467
8776
9367
9728
9788

