34
39
36
36
36
36
36
35
35
34
36
35
37
35
36
36
35
35
35
35
34
35
37
35
35
40
35
34
35
34
36
35
35
34
34
35
36
36
37
35
35
37
36
36
35
33
38
34
36
36
36
35
36
36
36
36
34
37
34
35
35
35
35
34
38
35
35
37
37
37
35
36
36
36
37
36
34
35
35
38
37
35
34
34
37
34
35
36
35
35
35
36
36
35
35
35
36
37
35
36

73
69
71
71
71
71
72
69
72
70
71
68
73
70
74
72
70
69
68
71
73
69
72
70
68
74
75
74
72
71
72
72
74
72
67
69
70
70
70
70
69
68
71
71
72
72
70
72
73
71
71
71
70
70
71
72
68
73
72
73
69
73
72
72
72
71
68
69
72
71
73
68
74
71
71
71
76
71
72
72
71
74
69
74
70
73
72
70
69
68
69
72
68
69
71
73
69
74
69
71

110
105
110
105
112
110
106
111
108
109
103
107
94
81
87
87
94
81
99
108
110
112
88
90
79
108
95
105
88
83
78
88
88
109
96
118
155
117
144
165
159
139
150
156
147
143
150
118
140
121
130
87
94
111
91
97
94
104
80
106
104
86
80
106
109
85
103
76
126
150
80
86
107
87
87
133
121
110
107
137
81
115
78
86
100
89
105
82
80
110
110
100
109
111
95
109
110
86
99
110

140
141
138
147
139
139
140
139
148
146
141
149
148
141
142
146
138
147
150
143
141
140
151
149
137
147
144
137
139
148
145
148
137
146
141
146
140
129
144
136
126
141
137
120
125
106
118
127
148
109
108
127
129
105
132
136
148
113
140
111
119
132
143
137
132
122
127
143
148
141
143
127
121
126
142
146
130
117
120
130
128
127
108
109
134
136
140
126
109
131
142
126
117
138
120
147
118
142
147
142

181
183
179
182
183
181
173
185
183
178
177
186
174
184
179
180
177
183
174
172
184
170
181
180
172
173
175
177
185
180
171
182
171
180
176
184
143
171
216
222
235
224
222
173
183
232
209
190
181
190
206
232
259
237
210
200
241
197
206
210
217
216
246
229
183
249
231
219
186
242
244
252
205
215
221
213
258
233
230
182
252
245
242
222
221
253
227
177
197
178
215
243
223
207
215
204
179
245
170
189

218
211
208
212
212
213
215
206
215
219
209
217
221
216
206
208
218
215
222
216
207
214
221
217
206
209
212
213
211
208
222
217
206
212
224
220
206
216
222
205
216
196
215
212
207
218
221
220
220
208
219
198
206
217
156
210
206
214
214
229
218
204
221
225
210
214
217
224
219
206
212
217
215
206
214
196
176
184
181
200
200
170
161
199
164
196
212
192
154
188
178
291
253
215
219
250
246
228
245
227

253
251
241
242
242
248
268
263
219
192
218
208
219
181
179
179
187
187
183
179
187
178
178
205
240
234
184
189
184
183
222
198
178
203
240
250
244
241
246
256
243
243
252
243
251
247
248
252
244
260
186
228
247
230
191
255
246
213
191
190
206
216
244
247
244
242
220
236
196
216
222
253
252
246
244
251
248
260
243
256
257
244
260
258
245
259
249
257
258
252
261
243
249
240
254
253
243
239
246
257

275
275
285
280
277
287
286
281
286
287
289
292
284
289
275
252
269
238
205
227
225
275
285
291
279
288
281
278
306
295
287
285
287
283
284
275
274
291
284
276
280
285
280
279
291
293
273
291
292
290
287
274
280
275
278
252
249
264
286
214
295
235
262
243
224
256
288
303
278
282
290
296
298
283
284
282
284
297
288
281
301
292
280
280
291
255
281
287
230
216
291
224
299
261
253
221
271
209
209
247

316
310
325
324
311
328
323
324
334
311
336
310
314
291
304
256
328
240
281
322
351
396
334
326
322
325
308
390
357
434
351
326
334
440
397
346
412
338
417
375
344
399
378
374
427
296
383
396
339
312
438
313
377
407
405
448
364
409
430
416
397
322
441
422
449
382
448
405
403
392
314
412
339
384
344
453
401
425
409
417
433
378
421
352
314
362
332
366
451
446
329
391
449
446
344
436
357
322
374
440

353
352
358
364
369
367
355
356
314
299
349
332
282
277
300
278
269
294
302
288
368
304
302
308
374
287
328
290
373
319
323
275
322
303
323
302
259
342
334
262
371
331
364
346
355
379
353
363
325
329
328
344
342
343
328
372
276
339
269
372
277
331
273
354
373
344
258
357
297
336
357
269
259
298
309
287
278
333
331
290
290
291
297
287
275
309
272
296
275
265
294
288
321
350
343
357
372
369
351
348

390
415
383
384
389
404
392
388
405
384
411
383
401
404
385
392
366
321
312
341
354
336
310
362
307
311
399
356
309
298
398
318
404
384
365
389
395
401
387
390
382
383
390
393
400
387
387
402
398
487
516
407
517
479
439
550
449
416
413
413
440
413
475
436
555
395
517
482
546
410
551
512
548
379
451
409
441
548
541
552
492
399
516
384
530
392
368
350
376
507
459
497
378
467
438
440
463
373
332
479

436
489
419
438
429
410
432
415
415
423
322
383
393
371
343
419
353
407
412
435
413
368
379
437
383
426
320
383
357
331
411
362
423
419
441
413
423
422
442
431
393
323
313
404
415
387
341
335
405
403
423
521
562
409
421
424
438
429
433
441
420
400
436
437
413
443
439
430
418
425
412
376
394
331
388
371
317
427
421
435
386
414
416
410
439
421
403
363
418
432
448
410
411
431
429
316
425
369
403
432

359
326
401
457
385
342
430
376
362
427
346
422
437
429
570
370
568
557
653
584
551
522
493
661
417
544
651
512
442
466
457
431
347
437
345
406
473
479
566
446
548
661
584
378
577
522
515
431
623
455
357
498
615
560
573
431
448
464
461
443
413
447
421
424
414
433
365
391
409
346
390
436
317
336
328
329
324
327
315
324
359
412
471
333
333
329
338
324
330
330
315
316
333
457
460
484
481
465
460
464

483
427
368
484
489
502
521
511
504
466
478
394
472
361
363
349
359
442
524
477
505
440
482
491
441
486
406
449
403
641
509
608
584
633
447
589
414
496
541
367
522
612
578
530
609
648
406
362
439
403
444
465
414
358
361
493
341
356
347
699
421
494
603
567
434
702
574
574
534
692
625
642
589
354
350
359
362
356
407
438
393
475
446
549
534
495
514
615
497
636
479
505
486
504
489
469
352
646
392
364

467
569
571
529
547
537
546
522
464
512
487
410
426
534
402
414
459
515
503
410
434
593
739
533
650
738
644
654
711
700
589
746
706
528
754
780
678
540
528
551
533
540
512
419
455
521
471
553
504
555
561
652
717
665
693
594
725
722
553
541
554
539
450
529
541
519
734
769
596
747
596
664
745
717
683
743
494
586
477
563
574
542
524
433
431
385
446
526
539
649
529
745
610
736
709
712
717
565
715
527

591
566
610
749
736
484
858
809
796
703
694
723
708
633
794
652
702
610
591
521
694
734
608
651
592
766
809
588
637
507
824
872
810
776
716
619
723
760
559
593
586
753
691
771
577
496
862
607
620
539
680
654
748
731
545
780
685
695
823
711
763
570
681
705
732
608
750
620
774
687
554
492
800
802
716
590
641
743
671
706
741
767
687
638
832
865
811
1028
1090
791
1157
1143
1355
1523
1311
746
922
594
517
601

557
725
708
761
715
617
831
795
718
657
802
761
717
788
802
669
780
741
614
787
557
870
895
766
666
601
708
710
811
716
548
749
873
870
694
620
840
677
567
766
815
665
650
764
528
609
840
775
837
671
707
674
828
608
636
658
618
793
854
734
719
668
554
902
919
854
842
658
679
849
848
803
584
515
599
695
827
807
618
859
579
803
622
658
614
854
925
872
777
651
627
650
714
697
747
827
824
714
664
621

667
642
706
866
809
826
860
798
685
910
906
905
905
730
788
798
901
607
653
673
823
734
714
471
602
878
804
474
469
489
539
505
767
461
607
749
900
660
724
804
808
859
686
898
973
929
910
922
900
911
899
905
926
674
626
946
893
756
677
922
814
707
676
903
917
801
622
917
852
782
623
903
880
688
679
908
967
646
608
917
918
874
872
902
774
736
683
901
904
664
849
656
624
725
706
664
810
682
766
897

666
784
722
775
901
792
833
862
706
890
873
809
792
697
963
957
712
882
754
806
859
860
770
847
670
746
866
694
967
961
790
803
726
692
656
772
870
728
771
773
907
852
658
670
893
856
798
867
953
953
894
808
723
870
710
691
925
951
966
955
753
789
685
726
767
792
712
850
936
742
550
862
742
869
683
797
882
742
885
727
921
740
496
800
850
834
809
722
912
872
916
961
906
783
783
597
748
666
919
812

845
957
786
699
748
864
923
647
644
972
942
634
774
1082
885
1003
992
865
1113
885
884
805
885
834
932
741
757
868
815
747
808
1074
1070
805
904
703
759
973
812
904
990
966
810
547
926
916
845
675
892
978
963
790
908
939
816
1004
993
963
988
922
762
703
812
965
952
686
812
1016
1012
903
954
678
961
663
887
743
842
938
820
794
931
797
763
1020
816
1008
1012
1027
989
1017
1007
910
761
974
1017
768
757
711
750
847

752
741
725
753
576
606
590
767
670
622
640
779
724
644
778
757
5341
7181
4951
2612
2234
2305
2096
1688
1665
1444
1288
1454
1146
1371
1212
1110
1084
1069
890
553
839
877
950
886
955
801
894
819
948
736
709
1109
957
771
928
887
702
1064
866
1055
844
874
880
1073
1051
801
814
1037
885
1087
1052
788
886
1060
1051
1079
1048
798
704
8708
7193
2977
2523
1732
1727
1582
1797
1588
1570
1114
1319
1101
1143
1171
1259
1046
1166
893
889
1062
703
1082
761
783

559
753
790
997
891
1024
1097
1060
862
960
1091
983
781
840
892
1102
670
1083
874
1074
895
948
1125
961
1170
1140
1111
1102
1105
1131
964
945
958
698
1157
734
632
793
782
980
1131
1043
823
876
856
956
892
739
1024
913
1113
1099
796
1054
879
973
667
1047
1042
770
1041
811
973
989
1038
714
845
947
963
958
880
952
802
1036
793
975
919
952
1104
1114
920
1034
1104
923
1026
706
732
780
909
819
975
950
1039
951
1116
962
920
902
784
891

3291
2345
1655
1678
1353
1230
1189
906
1060
934
1118
937
1250
1178
726
857
874
732
918
616
1015
1130
1177
987
1122
4689
7959
5756
2943
1917
2537
1729
1507
1882
1193
1606
1507
1341
1169
901
868
979
1071
1230
1162
772
982
893
1029
826
1046
1056
846
1047
1020
1236
1164
1112
1132
1112
764
1166
1144
1153
853
602
959
1113
1037
818
1098
787
895
769
826
969
1089
906
915
1050
1042
864
843
794
1075
846
840
1205
843
1159
1014
1227
1060
829
795
1265
1276
1245
1032
935

854
875
813
1236
1072
848
1097
895
882
1127
1164
1187
1080
1239
1283
1303
1254
1212
1200
1216
832
1173
1160
945
867
1213
1195
1249
1228
1204
1249
1322
1233
929
913
1296
1255
1320
1264
1226
1158
1031
907
813
1073
1267
1136
1225
1120
816
1037
879
1081
1253
1073
766
1205
1055
1095
965
919
891
1069
875
1053
1178
900
1217
1204
1225
1203
1065
899
1225
1011
706
1017
978
1055
1312
1156
1040
1076
1223
828
1224
1080
1214
1193
1241
972
951
1146
869
943
782
646
1095
685
1160

634
786
1227
1227
697
1209
1022
1161
830
934
1237
946
929
1124
1118
644
708
982
1070
991
857
687
1218
1103
1241
1260
1251
861
1374
1358
1328
1249
1064
1130
1239
1208
1353
1046
930
1111
672
1121
1112
876
677
1171
1305
1145
649
652
747
1142
1099
1104
631
868
780
963
1264
1234
1004
875
1356
1263
914
839
631
1030
716
1149
1153
1115
1201
1042
707
1157
1105
1261
1085
979
1042
791
894
2839
6192
7455
2771
2737
2728
1390
1218
1234
1109
1514
1386
1677
1177
1156
1239
1462

853
762
995
1104
1080
1095
1213
1412
1435
1398
1303
1161
1315
956
1203
1123
1018
1320
1169
1220
1001
1309
1204
1286
1209
1326
1112
896
1017
1298
1300
1369
1302
1263
1051
1348
1093
1055
1030
946
882
812
1029
1342
1044
999
1035
1309
944
1337
1229
1312
1216
1412
1366
752
1277
1249
1029
1387
1060
789
1247
1325
1303
1235
1214
1313
1032
1278
1219
1328
1214
1401
1366
1364
1337
1302
1397
1325
1270
1089
1211
1128
964
1299
1313
1312
1080
1007
1208
970
1268
1123
1031
1359
1217
1336
1319
942

969
981
926
825
1014
1157
896
1334
1277
709
920
1142
995
1357
1327
1326
968
790
1284
950
1084
1201
953
1000
1142
948
1319
1160
905
916
956
868
1039
1299
1349
1034
903
743
1309
1169
1258
1359
1252
1159
1043
1366
1118
968
1000
1283
897
986
1203
909
944
1247
1048
1367
1113
1291
1280
1163
964
1001
999
1192
956
1092
1048
1362
1051
1389
1236
1065
965
1232
1117
979
967
971
1101
1376
1057
1080
1328
1255
1073
1016
1013
1066
1001
1009
1235
1013
1074
779
905
999
1318
1136

977
889
834
1011
1151
792
945
756
770
883
760
1005
940
953
808
1123
1414
1244
1125
804
1040
864
907
972
907
1036
1362
1123
1436
1366
1030
1383
1416
1359
1115
1333
1260
1281
980
1144
978
957
1364
1172
960
725
720
1384
1154
1193
1249
1110
1431
979
1348
1136
970
1312
1395
1277
1371
1083
1135
745
1008
789
1008
1139
1112
1330
887
1348
1392
1359
816
1209
1346
763
1287
1390
1399
1108
1395
1343
1061
1307
1149
1307
702
1331
872
1213
998
1293
983
975
1204
722
714
719

1026
999
1100
1318
1002
890
1301
1144
871
1349
1181
1459
1495
1058
1451
1256
1188
1467
1350
1254
1384
1189
1319
1330
914
1353
1187
1429
1200
1103
1340
1183
1349
1008
1398
1255
1173
1467
894
1272
1360
1112
1172
1467
843
954
1251
1306
884
1362
1178
955
1361
1172
1390
860
1420
965
784
1137
1155
1439
1413
1135
795
784
825
1326
1170
1092
1120
1359
749
784
1464
1381
883
1201
1239
1077
885
838
1008
1390
959
907
999
1234
950
1021
824
965
1150
1320
1113
1348
1155
1170
746
753

1031
1020
909
1159
1216
1137
1188
1465
1081
882
1096
1194
774
824
991
1406
908
879
1087
1086
1233
1490
1257
1449
963
1335
1024
888
872
880
1083
849
990
1210
923
806
1375
1663
1526
1499
1500
1140
1491
1508
1524
1444
1338
1178
877
1419
1423
1369
845
1400
1537
1541
1000
1398
1003
1331
1456
1095
1495
1341
1348
1310
793
891
991
1077
1229
1219
1213
1034
1139
1396
1256
1556
1424
1351
1145
1399
1057
1035
836
1393
1181
1274
912
1086
773
868
1010
1074
1518
1076
934
866
1091
896

1442
1091
1288
1418
1738
2051
1927
2119
16183
6394
4172
2684
1819
2379
2049
1144
1363
1516
953
1430
1297
6360
13823
5641
3696
3399
3039
2811
1501
1471
1598
1040
974
868
1110
885
1512
922
963
7533
7885
3701
3563
3210
2770
2457
2252
1406
1764
1260
1190
1089
919
1406
1505
1225
942
1070
912
911
888
1194
1076
926
1239
972
846
1428
1408
926
1152
1012
1258
1267
5457
11641
4361
3244
2545
2819
1844
2209
1835
1195
1592
1400
1401
1536
1169
1076
1226
1120
1405
1087
1454
1068
1069
1099
1234
1206

1035
984
1524
947
839
1360
1223
954
1581
1594
1213
1438
945
1039
1507
1039
1599
1611
1195
856
1484
1099
917
1285
1553
1381
1094
1035
1557
1392
1244
1142
1510
1135
1339
1416
1546
1623
1504
1208
1397
965
1632
1386
1108
1364
1289
1083
1119
1498
1023
843
1576
1125
1280
1439
1463
1303
1597
1451
980
1122
1614
1607
1333
1224
1359
1053
1282
1289
1351
1518
1193
1225
1057
1241
980
1462
1476
1274
1251
1575
1228
1113
1028
1420
942
1416
1109
1566
1193
1199
1184
1071
1155
1464
903
929
894
928

1127
1245
1253
1389
1607
1651
1302
1567
1636
1409
940
974
1345
1202
1136
1189
1231
1048
1541
1394
1665
1583
1206
1394
1536
1540
1665
1608
1410
1585
1039
1345
1621
1145
1557
1262
947
1083
1055
1656
1232
1138
1104
1605
1055
1249
1208
1377
1013
1191
1382
1042
1401
1547
1687
1606
1210
1184
1557
1627
1014
1058
906
1409
1392
1579
1657
1460
1455
1397
963
1067
1197
1143
1607
1459
1228
1075
1567
1488
920
1095
1260
1372
947
1535
1169
1070
1077
1558
1568
1098
1187
1580
1548
1369
1153
1096
1323
1621

1250
1092
1114
1448
1206
1626
1196
1210
1440
1068
1212
1139
1161
1627
1505
1413
1018
1465
1333
1567
1151
1397
1012
1656
1344
1624
1272
930
1122
1715
1537
1538
1316
1223
1221
1655
1195
1514
1209
1675
1734
1439
1045
1162
1291
1677
1192
1725
1698
1409
1329
969
1125
1520
933
1540
1493
1246
1667
1065
1272
1483
1652
1042
1661
1281
1217
1852
1799
1380
1054
1139
1212
1390
1381
1621
1521
1547
1408
1215
1241
1083
1303
1564
887
1677
1412
1011
1116
1382
1847
1572
1798
1668
1517
1223
1258
1645
1484
1534

1168
1297
1122
1594
1202
1469
1519
1332
1102
1418
1252
1287
1092
1666
1354
1446
950
937
1720
1920
1773
1657
1678
1763
1189
1303
1221
1001
1774
1881
1768
1754
1702
1732
1185
1260
1754
1153
1877
1533
1474
1269
1051
1325
1772
1347
1738
1584
955
1142
1702
1329
1486
1272
1040
1652
1513
1504
1539
1000
1777
1945
1840
1824
1172
1679
1600
1110
1701
1694
1427
1080
1757
1588
1514
1751
1548
1142
1492
1503
1428
1341
1783
1244
1410
1621
1595
1029
988
1277
1767
1534
1028
1351
1207
1204
1318
1565
1093
1715

1272
1304
1453
1392
1139
1723
1576
1630
1478
1465
1449
1579
1746
1345
1340
1765
1451
1514
1719
1473
1405
1816
1161
1080
1434
1707
1031
1239
1411
1836
1408
1828
1578
1601
1411
1823
1438
1575
1559
1338
1377
1715
1414
1750
1441
1439
1267
1239
1319
1385
1286
1762
1074
1591
1805
1227
1342
1801
1598
1469
1596
1619
1764
1348
1482
1344
1405
1831
1777
1421
1238
1265
1356
1359
1083
1002
1447
1722
1761
1727
1348
1018
1244
1818
1417
1569
1770
1281
1451
1396
1329
948
1398
1474
1358
1336
1731
1763
1435
1761

1093
1305
1182
1335
1199
1299
1131
1188
1591
1261
1071
1449
1049
1855
1846
1858
1372
1822
1107
1393
1587
1728
1469
1411
1829
1417
1595
1852
951
1451
1036
1489
1900
1872
1480
1215
1253
1828
1330
1657
1071
1080
1058
1372
1868
1348
1086
1408
1309
1152
1785
1032
1860
1399
1472
1793
1536
1169
1867
1631
1605
1184
1775
1557
1464
1278
1729
1768
1052
1852
1855
1337
1364
1544
1320
1443
1778
1530
1543
1437
1561
1269
1365
1543
1583
1861
1583
1368
1712
1631
1752
1811
1599
1520
1337
1318
1772
1868
1855
1871

1297
1567
1521
1386
1329
1422
1198
1361
1801
1546
1560
1847
1779
1653
1312
1272
1901
1320
1691
1346
1703
1646
1368
1506
1811
1511
1893
1924
1873
1140
1623
1382
1899
1878
1476
1897
1625
1598
1566
1458
1264
1211
1697
1384
1894
1898
1162
1614
1160
1364
1906
1112
1614
1313
1761
1358
1724
1815
1301
1436
1182
1908
1520
1591
1182
1850
1779
1798
1737
1443
1516
1384
1913
1123
1434
1596
1848
1757
1278
1391
1899
1214
1478
1808
1787
1379
1907
1943
1495
1551
1171
1699
1637
1719
1511
1382
1911
1384
1952
1805

1389
1137
1640
1351
1374
1267
1269
1059
1569
1208
1086
1218
1582
1284
1088
1296
1296
1329
1271
1209
1404
1041
1387
1245
1301
1210
1431
1336
1050
1097
1326
1343
1228
1262
1139
1220
1713
1903
1787
1280
1294
1652
1131
1442
1982
1405
1895
1946
1220
1443
1961
1859
1402
1287
1790
1270
1900
1535
1759
1958
1211
1819
1907
1514
1558
1497
1150
1737
1567
1311
1262
1177
1415
1795
1493
1692
1313
1475
1921
1451
1681
1798
1318
1468
1107
1291
1589
1294
1711
1702
1359
1234
1731
1307
1733
1229
1967
1799
1308
1471

1445
1156
1633
1832
1207
1227
1365
1461
1300
1419
1764
1677
1534
1445
1771
1836
1432
1139
1860
1881
1998
1430
1431
1988
1428
1998
1336
1588
1676
1370
1436
1819
1859
1661
1686
1478
1745
1883
1526
2025
1449
1723
1527
2005
1830
1619
1431
2015
2014
1978
1982
1439
1857
1456
1846
1857
1530
1426
1429
1402
1301
1997
1911
1444
1333
1821
1695
1937
1713
1689
1593
1753
1996
1664
1931
1839
1858
1890
1688
1376
1567
1655
1439
1465
1650
1977
1992
1665
1525
2007
1438
1894
1860
1849
1429
1111
1461
1863
1963
1845

1336
1180
1385
1486
1121
1372
1118
1375
1317
1463
1362
1136
1637
2016
1481
2062
1333
2059
2166
2028
1878
1718
1240
1480
1080
1903
1410
1785
1690
1551
1270
1460
1726
1873
1339
2162
1531
1978
1333
1198
1844
1927
1980
1707
1822
2047
1506
1693
1168
1380
1342
1938
1902
1565
1337
2134
1082
1188
1173
1449
1324
1226
1048
1151
1063
1402
1281
1055
1241
1297
1220
1148
1255
1143
1153
1496
1393
2027
1346
1438
1271
1719
1310
1530
1652
1478
1229
1061
1469
1466
1226
1214
1254
1020
1052
1077
1387
1174
1310
1859

1553
1893
1759
1493
1434
1780
1487
1903
2062
1784
1777
1132
1226
1167
1092
1588
1286
1308
1242
1326
1461
1656
2008
1370
1451
1701
1903
1620
1754
1370
1336
1506
1354
1722
1953
1790
2006
1575
1566
1711
1861
1579
1221
1941
1505
1842
2098
1235
2102
1143
1297
1856
2222
1845
2093
2258
1735
1872
2142
1636
1611
1887
1731
1433
1531
1938
1973
1649
1988
1791
1615
2076
1735
1894
2073
1874
1788
1818
1395
1748
1589
2178
1530
2042
1552
1908
1615
1857
1863
2007
1881
1884
2047
1282
1913
1515
1879
2121
1730
1746

1447
1244
1287
1294
1382
1583
1346
1238
1572
1401
1253
1226
1137
1108
1791
2144
1263
1260
2067
1476
1940
1321
1903
2214
2190
2191
1806
1421
1445
1754
1168
1184
1861
1913
1660
1652
1489
1543
1493
1332
1261
1541
1574
1522
1436
1492
1547
1549
1279
1393
1530
1492
1161
1580
1564
1276
1598
1343
1434
1326
1338
1339
1348
1543
1344
1763
1899
1728
1368
1276
1381
1392
1119
1115
1479
1434
1275
1306
1390
1163
1578
1405
1290
1400
1227
1473
1941
1983
1804
1663
1430
1900
2151
2123
2023
1597
2184
1441
1354
1831

1709
1799
1713
2221
2218
1624
1507
2077
1632
2192
1998
2036
1969
1852
2075
1683
1447
1364
1606
2127
1405
1380
1263
1932
2044
1965
1999
1467
1658
1859
1543
1778
1548
1615
1642
1957
1959
1707
1441
2225
1729
2241
1496
1769
2179
2060
2094
1662
2141
1940
1455
2215
1592
2049
1725
2223
1716
2223
1654
1205
1665
2185
1870
1810
1458
2215
1889
1702
1907
1797
1696
2105
2065
1629
1831
2234
1917
2068
2154
1573
1912
1521
2019
1787
1763
2106
2028
1534
1680
1160
1262
2364
2228
2212
2223
1954
2167
1606
2178
1829

1560
1439
1510
1867
1875
1889
1891
1524
1631
2011
1658
1633
1478
1757
1576
2236
2195
1555
1500
1952
2241
2096
2241
1550
1529
1449
2065
1356
1694
2208
2161
1358
2283
1230
2187
1907
1434
1869
1418
2232
1898
1534
1731
1895
1913
2173
1933
2003
1706
2039
1763
1518
1972
1806
1854
1413
1829
1652
1334
2154
1720
1359
2147
1341
1744
2197
2193
1915
1870
2215
2063
2239
1738
1353
2263
2136
1449
1890
1850
1600
1675
2241
1909
2078
1983
1396
2133
1724
1635
1573
1682
1861
1722
1504
1183
1434
1287
1940
1481
2072

1497
1239
14920
6793
4262
2553
2701
2605
2184
1733
1460
1845
1605
1292
1812
1702
1234
1628
1692
1478
1680
1652
1787
1432
1640
1717
1453
1760
1603
1351
1482
1593
1641
1742
1576
1401
1697
1413
1335
1870
1555
1365
4971
12879
5254
3868
2341
2443
1815
2013
2248
1698
1402
1276
1410
1925
1514
1503
1170
1482
1650
1596
1630
1886
1448
1177
7863
11357
5235
3497
3042
2132
1757
1711
1714
1389
1674
1579
1138
1393
2128
10920
12438
5565
4396
3365
4290
2734
10185
8338
4658
3553
2432
1985
2082
2102
1700
1719
2064
10657

1697
1351
1296
1303
1504
1632
1709
1710
1432
1580
1224
1322
1548
1735
1426
1654
1664
1277
1503
1228
1485
1748
1743
1691
1687
1652
1707
1679
1311
1531
1632
1617
1716
1736
1357
1449
1344
1615
1407
1596
1549
1520
1743
1332
1493
1636
1565
1360
1498
1637
1519
1634
1491
1439
1273
1241
1681
1749
1707
1735
1579
1460
1659
1533
1472
1683
1249
1631
1630
1524
1490
1637
1379
1475
1557
1698
1376
2029
2287
1920
1981
1443
1226
1756
1697
1277
1293
1599
1258
1622
1628
1671
1370
1623
1492
1623
1556
1581
1538
1507

2898
2745
3294
2665
2601
2372
2268
2161
1562
2345
12193
9832
5722
3318
2855
2331
2812
2444
1324
1316
2246
2442
1644
1725
1924
1567
1515
1654
1328
1648
2234
2085
1747
2086
2261
2437
1565
1586
2205
1414
2465
16551
8104
4723
3798
2741
1759
1553
2255
2503
2395
1586
9142
9237
4564
3198
3522
2385
1896
2430
1660
1713
1660
2507
2354
2404
1921
1413
1317
1280
1297
1412
1452
1898
1532
2182
2343
1750
2285
2444
1665
2234
1869
2416
2362
10910
10483
4118
4292
2404
2959
2863
1653
2466
2330
2021
2382
10515
11608
4376

1522
1641
1573
1287
1467
1706
1584
1537
2259
2534
2156
2677
1975
2132
1552
1780
1763
1744
1508
1533
1263
1257
1864
1763
1354
2361
2490
2346
2143
2447
1526
1631
2005
2504
1690
1490
2099
1738
1725
2479
1888
1795
2029
2210
2363
2309
1873
2116
2393
1445
1692
1408
1536
2413
2428
2424
1477
2396
1689
1974
2049
1772
1886
2112
1575
2310
2069
2405
1294
1894
1898
2467
2399
2300
1957
2280
1932
2274
1635
1373
2010
1676
2275
2160
1527
2192
1599
2094
2071
2196
2386
1711
1326
1736
2081
1641
1573
2140
2404
2401

1557
1453
1460
11423
8595
4791
4631
2604
3427
2043
1949
1379
2404
2117
1737
2493
2043
1824
2387
1754
1660
2385
2213
2008
2464
2370
1542
2558
2230
2268
1926
2328
2513
2161
2529
2213
1525
1679
1839
2049
15167
6490
3517
3366
3019
2622
2385
2277
2369
1606
1531
2139
1478
1776
1976
1871
1858
2532
1512
1744
1998
2712
12121
8288
4564
3163
2701
2855
2300
2406
2711
2483
2180
2424
1768
1724
1698
1362
1588
1623
1761
1571
1855
1613
1885
10842
8176
3816
3067
3276
2203
2361
2359
2115
2440
2102
1563
1774
1837
2356

