183543021

180400445

180238680

185196340

184512861

182402944

185145374

175791361

188526643

182405511

190006054

184173271

189198776

180607969

188890351

187773764

182829752

184110311

183177182

184312590

188444818

187283124

193906021

186682936

187877966

183227078

186168060

190020426

187812851

187100765

187745355

189623542

188697796

190377315

186986854

192189566

190769155

189679685

190351778

191009826

190032224

183785220

189749877

189417441

191381933

191927049

192431687

187749508

191777336

193409136

191301752

179072398

190850518

194393058

193598201

186068495

190034357

193184464

193207954

198665790

194457325

185413595

195007294

198611842

195354338

194017793

192261774

197582842

195560218

193194439

195577661

193516201

187470408

193954104

196957538

193821697

197805094

208145027

187607180

198167101

201412788

202051381

197631739

196810868

198846032

202964005

200771299

195529396

201612622

210628812

198030285

194859436

199661367

196050145

200955342

196856327

195186657

199549881

198790255

197400088

201362538

193654610

200395313

200558653

201955964

199771564

201508000

201572705

200989551

201802490

206080532

203742421

204570597

204802078

202691022

202933962

205921150

203629377

209836262

209091532

210578806

201806819

205276299

203712325

209247307

205085821

204766827

203796927

211165752

204792996

208483590

208554913

211957839

206016038

206503230

205339936

209518265

207486155

207329390

208304420

210766045

207971420

207380207

213885494

207386583

206710050

217806657

226448221

234001752

232757502

219093304

204941546

212509557

213596357

215353457

211617524

209408871

210634505

211061018

212350328

216885884

212327650

213366390

216996117

210879494

212702724

218651557

212546044

210344553

215909878

210628738

213796408

213499260

212732508

213047492

209295149

212951053

214443694

214631144

213562476

226782121

265346242

240098602

233541760

236479504

225906256

215778114

215557555

248311946

223101365

258493020

260745151

275103946

241569116

253641570

234475044

240047257

259834809

274127798

223724182

222154845

244951705

252684156

220658321

246115168

217437335

238180979

237071215

252335446

219577645

224857406

219457110

239299865

221460687

253006284

250353971

222474585

215643696

216100296

219221922

216569958

220261814

222315982

226724172

221588089

226569865

225352669

220049108

228869323

251620672

259055780

225523908

284148019

244909863

235546202

277421627

234731055

228317985

243960948

233030074

254603190

240123118

246860122

227672108

227296901

237542812

246844425

244535683

229395079

277669814

237760535

238341722

235590145

228138454

225426591

229704412

228970840

230247090

229424752

228541729

229773717

232138537

240228781

251202114

283340012

287716512

263283811

244350454

242774153

278177214

263502558

296912909

246366839

270462647

246065675

249944641

248290434

279458000

248613351

289062208

227971649

286795517

246770979

288054372

315359770

308225231

281092893

269567853

250163174

251005151

342053009

295012021

243391940

255770658

244414209

244224418

288710099

255300270

229917627

256365201

336670275

281062309

253535348

280403097

266621215

253062870

248501282

254105339

243106217

248646171

242123503

245038819

249777661

257452233

250641612

252530635

236761606

253413712

248619198

255491473

251460982

255504640

251965239

249070350

249149133

250222562

257120480

247939145

313932478

253436347

253569171

252544433

252434090

266329045

270357476

259923919

269022147

254255446

276335403

257900341

255243467

251710728

254398349

253792076

255201449

256447091

265344495

255914271

255295473

265297222

259024458

274683027

264396725

244921656

260608632

278865083

259803720

261385676

261443398

268589947

261093382

250782229

261585767

283438064

281817195

257225951

258317558

276538805

262388462

259124618

261248429

266933233

256847444

259406033

263248335

266357171

258855384

255332209

261286028

262162178

259318841

260232524

265133485

258887004

268572434

263122711

260950573

264052747

264597195

267938054

262515021

261442741

261103718

262717033

266367768

263290821

264327352

263456261

269352784

267637365

266358786

260777886

266914982

269188065

270918592

266503321

268697940

262800311

273592354

267334742

274241343

272848900

273887256

273856374

266267298

261244171

264954508

263451339

271182551

257526391

268717968

272979260

262018566

276859739

277027030

277074273

264074767

255406520

264727902

273221560

268828598

266557503

276032224

273686350

274101605

270910970

267595915

270921550

273591733

269818644

271776368

271469446

273693751

274922102

270133155

275607188

278766081

277780772

272730653

273529319

273903286

269998141

272128118

274383701

271664263

268564230

282075092

287956089

280889861

282021943

277505898

273923548

272380791

278103012

280076125

321324641

277997095

285767836

286351177

280351211

282720059

260866390

281468163

278597960

317682454

297079955

299847262

277355972

333740803

352106127

282376103

368785967

320108382

273678041

283215938

277934331

286870206

299237803

303205238

340855032

284444933

276198612

304445758

278689452

307399709

283059766

265547562

284801338

280444430

332196176

296888820

311717266

322910118

302317830

282005108

281386519

271623703

298657152

293454943

314359176

289658300

288238884

291948063

283374274

290388138

290010610

287410563

294362181

318466344

310240980

347958136

302538113

306385121

304555796

314093015

348021838

313382629

324248388

330668757

308216474

289187891

319679994

322658339

297354181

319160227

295371680

296362837

292953158

296747047

281700790

297653018

281834208

300691019

326689793

307032524

441072888

333440965

324708833

305411781

296764790

330061243

296572354

296954646

286369829

320753820

297136328

297556371

284241508

273928792

281517039

283357002

288947722

292562805

297086468

291562328

293043819

301874434

277583992

279182523

283729349

292841804

269202868

301735240

291344006

300686344

295884884

326985115

302845905

296347984

304169501

301026331

301640008

296982067

294830522

297215392

320287322

311136578

306416472

305146716

305677808

300387228

292249359

322210401

322405120

304523921

325306114

295402004

288291819

298947500

294141982

296653089

294759278

303461554

292434599

290892761

296372794

299205397

296077825

303968815

291827753

309010335

293460971

301735703

318656554

294981069

297200788

296623063

296396520

297101159

280667949

291591305

296822411

308221833

308249859

353626838

321776067

343527380

309877692

327924675

305703633

308314960

304154433

327878770

311417947

310674571

315323962

318290357

316618955

313698241

304371082

322323668

327699136

293774057

314002647

308513849

319718898

315535548

341525781

322748098

305862693

322733445

321384269

340051050

320698272

315598446

321176186

313751076

329750237

317491139

316714630

318188676

328585696

319237686

314722379

326311984

313520873

317561189

314359035

311108600

326247364

337515264

323997695

319185992

323096824

320531077

314663056

311798305

318364537

322688988

315557818

317552464

312525014

314129727

319439503

317265503

324230014

333923661

329396082

323477084

322025143

325035171

339450145

323325207

319760009

315835734

326030735

326062086

328882006

330431184

309715595

335428154

325005408

317158500

343835345

344263174

329351768

326363324

336918464

352176457

353401155

354044278

325112881

336068256

336567407

329607158

337126454

325808210

323568957

342491800

311814014

335729134

333556426

329776873

330662122

324845475

324686627

327125640

353024245

337716461

382135339

357830830

352722005

370561529

355012171

342893782

330700880

324378350

332559443

339011330

332199039

331529239

331230947

330716296

330142514

339493460

325304127

333356211

306646698

328320662

324237846

342958732

334505552

335203554

347576244

349507410

348985453

355988474

342951845

335142181

345112708

335317248

335752566

335131983

335190412

350027220

334692486

347298867

340932738

336942092

332550453

337638179

358800517

344291774

337629068

337570396

323938076

348399719

329393521

376506350

327205552

384988076

345601461

366194779

346157517

336601515

331076761

331076675

337562568

339278854

332637373

341012255

333741078

341388559

330982310

340058479

330649904

327387325

334469240

341803361

334392043

344460159

348966623

376160024

352619112

359356951

344787864

350131878

367837127

352235134

354182960

346524681

345952236

350468655

343411461

352398675

350716405

346616199

342814828

347781620

341792580

352948659

350377538

342361720

351392204

344401129

356807861

359575064

346503945

354543860

376443506

372205435

355761216

346849038

363149689

356443124

363227756

367921888

348728121

351640011

339393582

355831161

353656050

346760080

349765886

344170151

350972902

357223407

359810504

366177027

361392189

361264729

338187636

363181787

387377164

361000284

352305128

356201280

353640106

358162902

362423014

347921760

368359338

336497288

334447148

321676592

335961309

334817278

325521341

343085577

335829463

358048838

323644999

342632625

347217434

339380208

343170956

350155228

353560146

350086467

349541911

343532610

358133004

355282280

351267083

347234194

351304239

356887178

354514744

361319233

362861855

354381155

353133629

352942672

349062473

350818454

351569143

357562063

342571614

354107569

367000442

403311656

449390918

373615225

372407080

373226404

364889220

362027991

377852897

398826705

370610083

376594467

374192268

371069901

363804071

367008171

360729341

363981365

377806220

373057616

370216220

372052672

365219966

367388823

389297227

387522839

367925564

444153911

390094887

387871713

394939409

384369015

412838010

413654367

373798389

367550339

359722364

377322078

379213703

379449063

378671666

367067389

369210499

375086781

364885710

375174936

374613991

372436624

360346125

366101849

374514768

367726712

381217329

368820705

425541873

410038776

379115951

382681692

407047528

407020306

393583729

384607675

378456117

378461875

380611082

379164760

377570298

377489050

420871229

381296797

377908501

397686839

374892592

393998024

379758863

388104296

368022476

385062508

381702793

376245255

377429591

381771188

375475459

385760624

386446724

356471882

379327508

357069949

388192026

377515879

370393184

385896807

371683953

371733661

375464048

366668307

386180841

389289836

376243503

374267098

415595598

