268398

485059

702570

954096

1181407

1542341

1972465

2548876

2967549

3477054

3830072

4468771

4793316

5618258

5751079

5823837

6334203

6710796

6996347

7561597

7975340

8421766

8825610

9153000

9469659

10608716

10490843

11233989

11462462

11724547

12068730

12558306

13729183

13358210

13599607

14319470

14823974

14775593

15127810

15854745

16081505

16278477

17034638

17569261

17446447

17959057

18327595

18858801

19363466

19194345

19580966

20026840

20550300

20932383

21281935

22498858

22235529

23490824

23644885

23665725

24019353

24478462

24632082

25383473

24886473

25545809

26102141

26065933

26485836

27531645

28155274

28718680

28597210

28437967

29866611

30077629

30979504

30632657

30962831

30774734

31072898

32537518

32030527

32803659

33115368

32671196

33334671

34305457

33758281

34191409

34639324

34614166

34996899

35425840

35661935

36264103

36322110

37112916

37785838

37365140

39319385

38783309

40403943

39654384

39996621

40169477

40712111

40275363

41186444

41675068

41750499

42756098

43419962

43070879

43798815

46150329

43123804

45313373

45786336

44633464

45031785

45969757

46598895

46587632

46581257

47344448

47531831

47783072

48334622

50048510

48420250

49068404

50118767

50432698

50518408

53491644

51138745

52914780

52289766

51653673

53833678

53099208

54094817

54417275

55199589

54281472

55532924

56291706

55634450

55792416

55595623

56303836

57305767

56751648

57250987

58127440

58178746

58217644

59251104

58909165

60764155

61237878

60287970

61027294

60932941

62784756

61000322

62291879

62390402

62416146

63890408

64255863

63923334

64180424

63594796

66439643

65318181

66084665

67356271

65589524

66358041

75304397

68461905

69080678

70077728

70626278

69167660

69724358

70685157

71763026

70984836

73055628

70617923

72010128

73462234

71755669

72941554

73071153

74791074

71519657

74389708

75240790

75573012

75706800

73721229

74583573

77046004

75592326

78037744

77775996

78935297

77358991

78845169

78298985

78883301

79526801

82426794

81271831

80666284

81115706

83384118

84675919

81903538

83485154

82439308

82578656

82243829

84173612

81858894

86331439

83976656

83861083

85858904

85053632

86565405

87917308

87649989

87586224

88617673

87925754

88469812

87424246

90212736

89765138

88163375

89639311

91355647

90132146

89955930

91854671

92655885

90687711

92994100

102487647

93587286

93665238

95745540

93499774

95333011

95154940

95418942

95195696

96722706

98086286

97246740

97449387

95106498

96701687

99176592

99297601

95775456

98668044

100825390

98377456

97993417

100325923

101075717

102307761

102844975

102102292

105126396

102594427

104207415

101148374

104762828

103832710

106349181

104697526

107629257

107518011

106069339

108824797

108013624

107948507

108097770

108987136

108428421

108991683

108673227

110464240

110408589

111674422

111790576

109951151

112381725

112300995

111551432

112854224

114291269

117078383

113295062

113332148

115206385

115405051

114983713

115850024

128167984

117184512

116753945

116944247

117501728

117709081

118997506

116956704

120584275

118363755

120987761

120528432

120068851

119369060

118960156

121815925

119905288

120225333

120486438

120689974

123616085

124701799

125111762

125044097

124952067

123379748

126200690

125346439

125350721

124194263

126458199

125972540

127089291

126279012

127588054

128172827

128634779

129004656

131721400

126278754

128827333

131763952

130788204

131211390

132855602

131527582

131438017

132745786

131127121

132363768

132011098

131160326

133196362

136008893

134689200

133757837

136890129

135776192

136611111

138643190

136611892

138159119

137624419

135157303

138002145

165734896

138238381

139361532

138118103

140417711

140354467

138991314

141342679

139499535

142180228

140337666

141347804

142325603

140074433

142692830

144352898

168997351

144284217

164277451

179096699

245942327

156379683

179045996

229417769

147186159

146214340

146694316

153042313

149074686

148507418

148939032

148338269

149099081

150322589

147539975

148301528

148839731

152302058

149990969

150593272

152360490

161643788

224328128

196190818

228889495

163187740

158226565

180353345

162140257

178759803

156396760

205666431

193833594

171729537

158074548

163890253

267438913

181036575

157144863

163916357

160734098

164305966

168686971

160066862

164058626

162983106

165035525

162342423

198287489

225569150

203805353

170639596

210174152

298273895

218060092

165325618

169253721

170013580

174272643

176127995

179630520

196567171

183570749

181654313

185563420

227624552

188091391

197896461

182298639

178182844

175846403

202096784

186476993

244646936

237869684

261498099

207253680

203946088

204951426

196619104

248081733

266910733

224136024

311115723

201883449

194251151

215540931

192248050

193661591

242035231

207473961

212584504

216771146

277449697

191797555

191259703

187678424

292514840

220658877

313722619

319628606

203836506

212368844

191151240

189262460

209542018

205341179

200413692

198633775

192957305

245794917

196315624

204363434

204253702

205828266

196013581

195467324

205516922

201934342

214321062

230726083

272854267

236965881

240846910

209555030

269021992

208018517

223329277

252761295

225673114

226215035

219299739

215655976

283635700

257363649

399978621

230381195

217517189

304846075

205242352

205984747

203168104

225609704

205731345

203526085

217719301

226384522

208571658

205201629

213589862

311452605

219232614

214441768

243136695

233342857

215146987

221768955

207883021

205974587

207903273

208950169

208003105

210383527

233013184

211403139

222684674

344166678

216112382

220056088

232960980

213991937

212121186

211337217

213751622

214081386

213887451

214862944

213639312

216406878

221122017

216608511

217999831

219347672

219331027

219853262

220983355

221773061

219070432

222283141

220961596

222186455

221757751

219271439

223676538

222433590

225840501

226661165

220715521

220055244

226463560

226270617

224186557

239658527

236475380

227463270

226515446

226742138

226192698

227254773

230079065

251368936

231948709

232178657

234176112

234321822

228337187

231226480

231410772

228702345

232198152

232379920

235641800

235220120

236946568

231908063

238461869

232948325

234497872

234170949

234461050

232917312

235499940

238318040

239707418

236895747

237667088

237197449

238305590

239264062

243648972

239435139

241222350

240310093

244008209

238687836

240056886

244554105

242263470

242708421

243314834

244128655

244054877

245305744

262401758

250308759

244711429

243648520

245047776

243950102

244670358

244291358

246413796

246633827

247773278

248642603

241730343

247528637

246626198

248689526

250774584

248417124

250335762

249345940

252887683

251496089

252985414

253261058

252073496

253481278

253671483

253815382

253501624

253356632

254546466

254030841

253953846

252982018

256868455

257764561

256883762

253878170

258697573

252454977

258667435

257159054

258174803

255655019

260184719

258744375

260808174

258804777

262312826

261170500

261669532

262880887

262671344

260447575

261556638

261870404

262089874

262199118

265425581

262709220

266168619

262837840

264183084

266044625

266291397

263873304

267306633

265042799

267757947

267546160

267456001

269229598

266081089

268578017

271541629

270104782

269975340

272500941

272216860

272565221

273223402

273840695

278309652

270322575

274359714

274383247

272764126

280928944

275173232

277434550

275751107

277312979

278836866

273985438

277842791

277466923

279535660

279910161

281018967

279739495

280122104

282001575

282413579

277925825

280529049

293491404

281333606

279516272

282090919

283517376

283289269

286157273

282783070

284732239

282733762

283576417

287504163

285498869

289265219

288558683

287366739

287571169

286674717

287486189

290850018

288115576

292906121

289710549

291481996

278819010

289141385

307811056

296253784

331938085

282210582

277923195

283271058

282411988

281578576

282632170

282665612

282956197

284482037

283422842

284521401

281675216

284116472

285328343

328650369

286832692

283093363

289001788

285102319

287585954

301474435

289241698

287518197

289237940

291061799

331817316

295972683

300863500

291803188

291314172

291363094

292211233

299100306

296120212

294579480

315894174

295439032

293880248

297376227

294364058

294794094

301105510

294721967

333882953

299736515

306603130

342216957

299902015

370000123

437992363

321302729

300901053

304638879

306335104

307403258

394450290

372756134

314024142

332850440

307427043

302038663

301866478

339160360

385354183

347426474

313657186

310938109

332428978

323182751

345003194

315463311

314524011

307676410

322222814

344384689

331450237

432259077

357050533

306583301

316160152

305819069

339968013

319080819

334252810

310535279

310020284

308640696

316021351

323032269

329891078

316994751

372658902

353443518

340597282

320940874

333345602

316940334

317713165

320659535

348927014

320685276

340559589

317509401

318563675

367123166

316027864

338684518

367697449

383539272

451003065

447914935

397216759

453981116

320252962

365357286

321819416

360832951

323267065

343831431

325610108

347115619

341089153

382626108

326356467

369290711

323569103

323212983

349672896

324769833

352679865

337831863

351212903

339671359

335131506

328860770

341602022

340469012

328367034

351509092

329395240

352559478

340754568

331758430

332406445

331266949

367182262

350565491

338493233

379185135

338379509

439621767

357066709

367773930

336362641

337536033

333146211

344410896

336455014

355048433

352397631

364973221

355438651

343068266

339577936

338623226

339891894

345303280

341010885

340815923

339953661

344970197

347312020

342932929

341444331

343352139

346211047

356336029

341929409

345189495

347574303

344134021

357286970

346438573

357623378

345520471

349582265

349378196

366685180

370513298

353931955

364155022

349449418

350034754

353157478

351134952

353873347

369681968

471955884

578860497

403975324

403838186

454736166

367753793

371339684

383888674

357719290

380774337

372759800

360015086

367821496

360308516

366871197

