226184

453429

809796

932546

1197242

1894086

1989374

2398490

2822013

3248381

3332970

3585262

4030766

4146814

4851363

4657800

4982017

5483416

5538650

5927327

6657934

6747533

6856566

6983334

7948371

8355573

8038269

8684239

8504492

9519482

9947644

9731369

9845192

9963805

10518492

11549562

11304724

11754546

13033491

11735801

12233063

12807788

13458407

13987427

13820374

13916895

13881970

14722583

15735260

15781616

16299937

17182429

16364297

17459518

17244735

17929708

18239648

17896285

17591686

18717332

19399419

19338075

19477326

20430099

20949602

21183039

20752262

22594972

21426605

24156536

22715939

23628357

24375506

24212761

23646581

24104970

23718657

24123514

25296491

27183273

26925009

26220351

27210413

27895606

27296796

27838589

29250734

29804060

29052513

29030502

29351632

28917790

29961846

33258938

29325063

29885272

30084305

32155804

31430384

31567531

33362963

32178525

33680317

32493837

32744475

33938722

33056550

35320258

33541127

38903848

35645828

35918218

35351356

36888204

37405152

39669942

37599004

46347033

43878100

37514537

38666504

38004244

56070048

44255397

77209236

49387467

47446322

54050917

59829957

49709019

56797942

49714008

44214171

66062227

56150819

53592210

59432404

50273255

51751954

53381465

50789933

61207368

47110504

57325991

54735110

49239731

50031694

58920757

49631846

48895086

48468317

50044839

60817539

62594486

51364830

50389816

49729809

51959705

58429498

73419143

69432870

54095113

50129358

62932159

62761038

84324533

57878096

57243347

56543478

70933461

56613819

55300080

56297648

81847205

77296134

73218519

91134514

86546664

90279685

73089649

72957883

65959589

92770738

61002588

77975738

65296548

58353698

66758466

61893236

61053934

61880041

59541613

60429686

65109608

62612393

62889422

62913848

60938970

61440188

61720384

62605220

63855601

63742179

63879346

63971178

64852778

65754286

65578338

68973735

65236838

64791063

65769726

66981104

66328192

67151373

67370253

66829150

67648895

66781460

67950209

68607550

68681338

69378484

70577649

69088220

69648980

70755062

69644742

71955890

71100729

70669642

74795507

77484813

80785102

79403536

74295371

82112008

74870508

75055565

92701435

76954781

101870664

91212016

80472729

80186272

79738424

117975660

79144061

85347046

81368436

81920280

89346334

83113584

81537944

82789407

84089461

81620178

81589811

84032725

85341216

83739176

86314187

87646242

86407333

85536972

85533947

83966873

84541209

89310027

85246319

85502790

86022823

84915810

86566310

86557134

87501081

87100952

87235564

87411223

88024452

87478303

88729221

88056756

91172655

89861030

89986283

90700512

90572449

90603736

92775092

91780752

90409636

92895891

92425737

91964059

93213211

93586501

92880814

93740485

92914062

94084296

95704305

94644614

95072676

95132224

95016957

97943950

96337211

96759432

96575825

96383822

97078315

97494914

97427886

98189954

98350945

104520002

99794099

102519393

100201970

100213269

99234480

101678556

104295545

101565699

104954307

102853031

101455676

101561082

102869957

104100834

103663081

103400005

103960043

105085924

108017664

105381886

106056420

106563999

107337399

107001697

107324160

106377060

106533011

108920709

107658759

108080879

108145989

109909045

110446001

112028347

110411130

110037948

110183379

111543659

110530015

114250263

111396607

111106791

112147591

113838551

115094576

112845605

111915207

114242020

112558038

114020070

114690596

115319402

115060725

116361964

115616043

123614035

121929583

118254286

124422796

118846342

118214394

119459738

121533235

122238476

121238628

119595344

119656687

118649536

119993234

121347051

120916311

118739326

123161458

120168683

121221897

123015088

123340205

127577741

127091497

122900725

123519273

125026267

123858635

123664649

126015536

125974357

124534505

126642536

125041812

125148990

129376968

128360369

128278163

126779210

127266032

128932273

129523000

131061542

128171421

130028652

130157893

130789735

130566345

130462137

133667465

134125142

130712240

131204953

132600347

131694246

137010713

133095238

131876822

131949517

133800625

139640814

138221922

135601346

136896623

135645175

138748562

136019443

137132648

140638320

136829196

141382751

137548891

137425097

140231317

140058431

140055754

141430510

139356850

140782341

146752512

141460098

142710300

143353313

145650859

142859985

140981952

140838381

141829187

144896596

142840791

144155193

145385307

145471888

145173827

146322158

144994037

146363653

145305807

146507148

147505237

148094490

146538271

145183239

146284473

147249901

148429049

149364020

149964283

150183223

150015096

149424406

148318062

150743386

153702490

151089572

150636982

152073994

150691521

153081349

153846581

154732110

152919651

159896616

153522208

154748845

153946590

153996362

155118523

154928807

157432998

155721188

154954240

155557960

156768106

156596774

159814132

158213010

157641608

158922847

161019696

161673008

163083892

161210460

158500910

160706843

162565334

160725545

160350240

161312432

163083210

163013958

168608321

162722650

167650674

165886666

167985198

173608584

166656495

166888388

169453894

167353027

169162706

168773596

169052538

167849933

168353466

168590668

168420639

167306279

168104213

168379829

170087127

168336966

169010036

169489914

169704535

169305497

173471741

172241786

171690843

172211447

172245080

173405001

172829562

175543526

173092131

173633896

171504955

175174530

175170442

178264559

179255484

178357891

176280137

178094726

177529666

174889860

175912565

177202560

178134075

177432740

179122605

179203827

181519975

177248070

197219929

186677035

183241076

184036296

184032587

182425906

183449984

185626341

185973971

186249776

186422069

188186012

185332225

193193573

186429319

189997913

185877452

188163324

187104660

188710307

190158690

189118320

190141817

189639505

190644948

207389308

193191547

191129904

191927317

192225706

190165966

189737112

190853723

193145536

191508167

188371630

192584973

191265881

191219003

188905367

190606724

190289399

193081219

191519051

206763761

192423174

196074193

195593732

195699310

195970106

195542434

203559263

193782386

203835428

200117834

202308336

254056862

324567055

215740408

216243680

299446030

220901375

254495368

212138737

307918458

206575263

203045871

203990590

202180809

200590720

207338800

201313433

202188662

206729438

205781231

212494607

206625301

210460906

209824262

207094618

208580121

207658023

208850977

209496335

216075891

208753372

207525943

212888188

210983920

209261693

211752469

211521997

211686815

214912908

213368274

224680885

220956148

213362792

212745185

216021511

212361405

219423284

214021003

221731226

216853077

215800866

223534422

214250751

216496017

217461265

214721702

221662404

216896446

243282092

218983334

214263422

231724290

220318674

216087588

220484875

216027415

219205458

218101019

219808657

220700597

218628746

219012976

218212906

220915048

219914032

219021721

221870436

220663024

223555432

227950736

222280353

222321670

225118950

222700149

223445715

227125568

223713606

231319524

223596416

224341212

226745976

227695264

235324434

228467479

238979431

223461532

227620823

229112517

225748064

229015782

230512099

228548680

229916710

229768517

226008282

230409790

224026412

230653498

227863006

228502922

227808712

225494732

227060365

229196912

227628337

227128908

231664108

233349826

229281163

232639021

230347977

229793546

231024880

229518448

244003024

239270553

233106911

231376156

231848621

233016245

232766331

232416679

236865491

234576037

234779858

232951163

234068975

247266312

285871878

240695581

237052654

237167249

236854450

236318390

239357619

238300711

238582271

237791383

240159138

240590942

239620878

240159092

240385419

242632718

241588186

243096013

241385730

240777899

241175970

244727040

244120341

249199454

245247939

248726141

247882508

247689079

248810831

250386827

249261636

250020296

250157098

249995068

250992186

245661634

248769410

248121487

251306720

249551877

249229348

249485586

248886296

260455651

251444637

249641976

251138887

251891889

252708630

254402260

251038128

253118084

255541102

257258437

253268891

254686902

276308511

256866461

276612406

285059618

268191803

304023565

255955250

258308709

255724516

255470499

271784723

258817663

257344537

255123977

256390437

258386646

266314652

260186226

271692600

299727655

281928866

263744888

259013286

287624350

274238350

271435620

294803048

295998592

270316132

293655704

263065825

266490735

267751455

268331105

304747663

273553973

279488295

292004258

268036646

271855716

270902821

269409651

271370194

270677338

292515727

272201696

271257186

271685023

273221170

271374720

272017601

274045760

286737491

274255823

281662135

277618771

270697108

271716696

271115002

271022594

273403325

273582647

277493651

277121087

276526135

287607071

338176810

279108546

275865256

286573351

277194650

277082015

278058984

363365640

325337227

278404609

282847371

281184045

289943215

298553504

280139293

280673312

283202683

280381626

278107898

279236161

283839733

278921734

279939230

280626646

279337834

292608266

279733912

281179902

283995710

285073178

283470259

295260733

286897161

292498356

283290740

283358113

285166142

304427069

313159567

307486432

304663425

312408620

308142324

292456418

286923357

288436573

289847106

326456092

288308345

289632627

299731046

290743746

290533019

304619759

296990557

298931375

296335244

299346519

346755720

297504651

300550562

310389563

305590721

309999788

305708558

299088729

309934280

295098492

298400984

302361992

298680135

301200179

299031920

298947340

304421917

299425764

310105593

303794475

303194889

305134265

314347553

310256449

310693357

313573887

310553341

307339953

325178388

314069342

308818552

314226985

310526012

316045552

310894771

311463387

310110414

340641587

307079146

312202993

320529915

316784952

312847679

313679353

318628113

318890610

328370143

310678560

325860610

310515894

