882

651

621

631

671

601

521

541

872

601

521

521

642

652

431

812

641

572

641

652

881

571

942

772

732

1222

632

641

731

962

601

721

622

651

951

782

631

591

721

752

671

741

722

671

811

801

741

711

1032

711

802

612

952

721

631

731

621

792

731

712

1022

691

411

731

631

691

642

711

762

692

751

651

450

642

831

721

621

731

932

942

741

912

741

631

672

791

781

722

712

932

661

811

661

611

751

1283

932

1032

591

1182

611

1012

721

641

711

781

751

751

1753

1212

1402

641

641

761

852

971

732

1222

621

622

732

671

732

1102

631

1202

871

601

792

1082

791

641

1213

1372

892

591

972

711

621

1322

1472

1523

652

481

621

601

802

651

882

852

721

1102

622

742

1032

721

1292

661

621

651

621

2064

882

871

1022

531

741

701

681

692

841

802

661

781

692

741

871

751

751

962

671

631

681

722

1132

692

762

631

781

671

741

682

661

721

651

742

471

782

742

731

742

731

611

661

661

691

692

932

671

842

861

952

691

811

751

702

711

601

431

741

762

722

671

722

721

711

942

712

792

741

892

811

821

792

791

842

712

882

741

641

751

782

762

742

851

771

952

742

772

1203

631

832

711

752

1062

732

902

771

731

852

811

692

1052

641

531

571

822

672

691

772

611

641

882

751

781

711

771

821

782

721

761

872

661

762

781

611

852

1202

831

682

802

911

781

832

1303

822

621

621

431

621

652

722

671

752

772

701

631

781

892

771

762

651

631

781

691

721

662

1132

681

892

641

671

952

641

802

651

692

851

732

962

821

841

852

772

902

752

832

681

782

711

662

611

712

862

441

631

712

651

792

661

762

581

831

811

811

671

671

711

812

561

782

752

772

711

901

951

631

731

882

712

762

761

612

762

1032

672

761

731

802

1002

621

611

711

631

702

651

591

682

1092

762

641

681

612

981

510

531

862

711

701

791

641

681

892

691

882

782

711

711

671

692

771

852

761

691

521

531

811

721

682

661

872

612

721

962

791

582

931

741

722

801

651

802

652

721

892

831

631

661

1152

931

802

791

922

711

852

722

721

1002

702

671

811

802

762

671

902

661

791

791

811

441

541

812

742

1002

852

682

772

611

811

862

671

742

932

731

681

1172

591

781

932

832

712

742

711

721

451

762

912

712

942

822

732

721

912

591

641

671

701

812

762

971

972

611

821

672

651

712

661

842

641

821

721

611

682

481

662

691

742

922

771

682

1172

1393

651

771

832

521

701

662

802

752

631

651

671

631

611

1012

891

922

1202

741

812

621

761

622

802

761

791

751

591

832

1103

672

842

711

842

992

591

672

711

882

761

631

621

702

752

902

762

921

872

821

612

2184

711

601

981

732

731

791

711

711

952

621

672

721

731

822

741

751

611

681

461

892

641

812

862

762

621

701

791

1162

592

571

731

731

671

611

731

731

931

781

801

521

932

661

821

802

802

712

852

581

822

731

541

871

652

621

831

681

892

902

571

1012

761

682

972

872

641

1032

771

601

641

751

652

641

772

882

821

691

852

721

911

651

832

721

742

751

642

621

791

642

771

641

682

1012

702

721

691

851

731

761

752

892

712

681

651

651

591

1733

882

671

671

461

821

751

901

1082

771

782

852

561

761

481

731

771

651

672

842

842

1152

631

702

992

641

651

681

652

460

821

871

741

802

791

622

721

721

641

852

1042

551

651

751

831

821

741

801

631

631

822

851

842

721

771

671

782

460

622

882

632

751

701

672

861

942

652

862

761

672

651

621

932

631

802

691

701

671

642

691

481

722

731

801

701

591

912

642

701

641

702

791

762

711

662

721

771

822

631

841

641

781

802

681

712

931

621

782

651

931

762

671

651

632

1492

711

761

902

971

812

672

872

712

722

722

691

832

451

882

641

1082

711

812

712

811

541

681

451

831

721

842

661

731

651

701

872

722

792

611

852

642

661

661

621

671

762

711

711

631

631

622

641

872

612

992

1303

741

722

722

731

701

731

962

881

791

772

902

732

752

852

621

691

751

852

971

752

1183

842

701

732

501

692

651

861

641

932

872

662

922

641

712

721

871

671

701

691

571

671

902

782

821

621

772

711

841

621

761

651

711

861

1092

761

772

1042

631

511

1022

752

661

632

952

612

801

721

672

781

631

661

661

711

861

911

761

902

1052

1212

1052

1793

661

771

622

911

902

731

621

702

852

882

942

692

471

651

761

912

691

611

992

841

661

721

722

761

651

742

932

1402

942

662

1222

2404

682

1432

771

952

752

781

852

831

771

731

621

1663

811

841

621

671

631

621

751

791

621

511

521

641

1102

742

981

671

691

972

701

692

762

641

952

581

841

831

762

652

832

741

661

