181248776

199743635

182968709

195589780

175080378

173847165

177397405

207848843

183212616

198298730

172885939

196718527

177349341

471630676

197337076

219724020

245059759

300725960

209390937

193396665

200852751

207060303

181060950

309863620

189645807

283913716

235098286

233908768

180436873

199160462

183458729

227090573

174673112

400820378

180123129

244463589

173874670

186083833

184865227

221862651

179421113

202658552

175548142

201863738

175994530

207840781

180126540

191191617

178250287

203727013

181489132

204057021

187040923

205085178

181228392

210917367

193334839

228899532

200596586

215176729

189877108

201997208

186421385

211755737

198042415

192835836

198845668

209476589

196539033

194554681

191413947

297119319

184559530

211286646

187445843

227660419

182933864

250212553

252590222

241264737

207195039

216070851

216503742

207502478

201632286

202464027

194061122

240476801

195461731

234123096

185481994

219412741

199802986

210020102

185448141

218105937

248445151

246753683

187916332

204805399

193588662

233313001

188118413

243762077

192729733

234085752

241567869

207068676

189953463

253373492

200000623

236267761

195296601

259154056

215204635

235623069

262765937

212065408

414503853

239176333

226490259

237807847

257091674

328051121

241492365

380673120

204368553

287763289

236637738

252884954

235095715

221818723

210000404

286953077

216616903

245964822

260183452

225469124

210626416

242300609

213653066

214808470

219237666

228181255

213834252

228279026

210679050

240114229

280238241

255669576

216858048

285738528

236361902

223633251

221162369

242725156

222605210

259058374

204802219

249337054

207326500

223807995

212449449

250952910

222196900

259444120

216667876

245148963

209697309

251943691

258413050

241934717

233841235

222801601

211424778

234502643

241954531

260632566

231665035

255521711

221497669

246692464

232125066

280840442

241380392

249651517

235867186

265209948

257361429

273300514

284643101

272619829

238776730

243707898

237966366

301163123

251099257

224892692

212740732

241019228

226796237

245354432

226934825

231727328

219096424

282976518

224308695

260620788

228517360

257041694

227299114

228838325

239984251

260121554

230211066

239059454

220111723

238785021

225196374

231382973

295526247

236121099

218166013

271173733

219799344

250064141

224667716

263331390

225940597

295066528

234647751

259766918

239677849

270723564

263583147

265506935

268460558

241619481

240690790

259801287

236697901

251301064

232999920

258630819

225058722

256829481

243616440

266895504

231082664

260750140

233888310

253999882

221169744

255425211

232820592

230378932

236069045

270447225

226026315

251875759

216459273

228148342

218270170

228592235

220865478

247315708

218319501

229978703

224416596

244540725

219034851

222718964

220997404

239973624

220360995

235619672

221264577

237959808

220720253

247981741

222091939

225066943

221235204

231676819

221607481

236609204

223631080

239603366

226035569

240736322

224611142

235969087

223172738

240321487

224887192

237445276

229001973

233460129

227505228

241374791

227038470

249324970

226205750

249905853

226171169

242821949

228125316

246555219

231790036

239797582

233902543

255353257

236672402

238718932

233041484

238345351

235876347

234311280

233105063

242539396

228326235

245234123

232844038

244909955

232585092

254619773

232461974

243133377

242576575

256007545

238146396

244699264

235034969

276643850

233586415

254771372

235806827

263352486

233585411

269022158

238848864

262794210

235348032

258753305

235162314

254666224

239126362

282302951

236602504

241547754

237634619

276695660

239963195

247603189

238450019

252855452

241602783

247538786

250357215

254148705

278046164

273854521

240786501

288643254

246226829

270897671

245777234

276238723

239907711

269280752

240860856

256138162

243387959

261107029

244084499

249383980

241807027

251634608

243757839

265760239

259123804

259953875

244968155

267187814

246598190

302437523

248086718

259105893

245414370

255748129

246601798

262552789

246317254

285266937

254667175

263352809

247496281

259550774

251700353

265745531

249629982

257044503

244631074

251649857

250841129

249203014

256054861

259241358

246566254

267931943

249786626

261283096

259156526

261871351

247963627

273106780

247823996

252454543

255556259

265222899

248749933

296723807

250728328

253027707

264354006

265978209

259505091

270618919

251496570

261763857

261729764

286994590

255940059

279194315

261764568

277086402

257459901

281060732

262817256

282302614

257920188

263574652

274683572

266843647

268012229

323492066

273816029

280413367

266815394

280369978

268618637

293345400

261275434

269473329

264606066

289707828

257648893

270661503

258614863

286147122

263005940

269716422

262664728

287870248

263545597

266245956

266987640

265537830

267890441

271189141

261550715

291119247

264526706

286570215

266743832

272835715

262484370

281499313

263528017

269917252

304426810

289589791

272086439

289264219

269454685

283422934

272826635

272402424

271391885

306369791

276935994

287714121

283490263

282896742

268268016

312881538

267806937

295393024

293043422

306948484

288438135

344149478

311093689

375840023

339153196

325591918

271494579

275348190

277361540

300103295

277415855

295853610

272996630

287094576

270263743

284613677

271635541

283092252

274661116

315146856

284691151

299675576

283614818

292570119

312477525

296220647

305195815

343216364

325450933

317041738

383948307

338286737

307537485

334925294

301925794

315077763

378483343

334858154

289673765

329662710

282662736

458101189

290361793

424667830

300300316

311296508

321609178

334558506

307213720

331315655

286266930

307296131

296311303

299669777

294460716

306121365

295722135

296520766

285361729

297860062

299270372

305291424

293690971

330794331

294186481

344524147

305705364

311444372

292872260

305999676

366332221

327635367

301265233

324333324

308864772

306908474

292950669

301357234

310344568

305888860

284675860

314622305

287635692

290297449

301208231

289650888

302214177

301462026

294805063

345754963

296914977

311278543

297796968

310744204

290040036

333294870

291772747

305354803

289845182

304491593

292212694

321530091

298730758

358129185

300277126

347254854

314143612

320184222

306311507

337895223

308164646

330559887

302251200

305802220

303313612

323897448

310287480

321706034

298030672

306348030

296860240

306820605

296854562

297149832

304701440

335135592

308780931

320225806

301887932

331028687

309330164

320000494

305373501

334146361

323887343

349737252

316266245

328183084

314965277

341761366

316301987

326126126

318320929

318360236

350166646

354241247

334701829

342956799

332827916

350194366

307033372

315522776

309012640

347664764

310938937

328185129

312567871

326553043

331089459

326028964

328676051

360726809

328939666

328113963

321467095

325128203

320375539

343685375

331541542

323945880

314194213

340327723

311399705

330424720

339015028

327814136

319470996

356132076

311367821

332775946

319487104

325823820

329300453

343700587

325773664

328698230

325542980

344687130

329137047

337900351

327643527

340818905

329216254

352759536

319629008

315477028

316026967

336075625

323372621

336594544

319626109

342453074

336137005

372321047

332064914

339329577

332920375

350294447

336708145

378777547

350227367

334427267

337694527

339146645

336006741

338381383

342686753

368307120

348414235

343803040

361151461

394739224

318699904

336689070

328604337

329245370

326027689

331594308

326543624

385101469

356722567

388676030

333808800

338047467

332653604

352681106

329111186

345400668

330301181

342361174

333167871

382219117

337329741

342633627

327518338

370933479

370519340

357052097

348387703

376046645

351311384

359397653

342020451

353187093

397102193

368321019

356046073

351384911

403778588

357933497

356849707

490768783

360398173

372597972

341333653

336129978

335199440

363536389

334709660

350608192

357907501

344455016

343467893

375790265

384530674

344894287

329898978

349633607

333006908

361521589

335550062

350938488

343711281

380839863

331305375

341100943

329860104

340148079

340866508

382459609

330214012

336222294

332777474

338148598

334265659

360728198

343759143

377027965

356088083

480487992

441449999

473150202

351026070

368027201

351937306

368474606

358445931

394460849

348556139

356785689

354723591

356912082

339440108

344077268

349640569

362240977

345326743

373300240

342507035

384901051

353400832

357111707

341720002

384801456

353131309

357786201

346212792

361306952

349725631

351327346

340954376

343456830

348196545

349460088

346282879

361893318

351825018

351298310

362863691

354943155

343252571

354929467

353040347

395060849

351609373

362992028

360671308

373363131

348245284

369354566

351084313

367194472

346656037

372043695

354525783

375132093

351960631

406929894

368279662

382134185

353188077

397017555

354566877

385485208

398682806

397873978

430405936

383899044

383237902

383067150

369420017

386458242

388971176

449005061

415790457

366641968

366279464

377792957

360725331

381396088

371950410

368430378

364593697

365599693

359338937

388842682

358993706

406566369

363540884

376904609

363983687

380783342

365233259

404458740

362646207

367029057

366308749

376591046

361693543

374063748

362852959

372033406

363170796

384154967

373022392

372598557

367885895

375685531

365904642

382043032

373960490

412719013

366941045

500003445

474784922

480445104

382129645

542321925

453232429

384934514

370071300

396051962

416241834

494010944

443655437

439969806

528775774

388212482

382942688

489364519

476130101

400576253

416015822

402711278

384506900

406282744

393243553

390496313

387291297

401682700

381784137

388918824

389180545

393541174

437847978

420395296

511595701

450939555

501588158

393138903

387373309

393916381

383094037

393117102

381310726

415917431

388664549

404823179

381474735

388667457

384587247

390379683

398521362

391716788

384465974

386295676

384332522

388270119

397226605

385801028

381134662

397561987

390490527

389717358

395022502

406867260

385802493

427301906

399416859

401751806

388144264

398597304

385837933

402051449

390496325

398406329

447554984

417249198

394794098

427354055

399454814

400054811

388091375

404491851

387756832

387705440

394875870

432290776

404332678

407231107

